# American Standard Threads

Unified,0

# Unified Screw Threads - Standard Series, Class 3A/3B
# Data from Machinery's Handbook (25th Edition, 1996) Table #4 - pp 1654-1676
# ----------------------------------------------------------------------------
#   Name         Major	    Minor    Pitch   Tap Drill    Shaft    Depth
#                 Dia.	     Dia.               Dia.       Dia.
#              (internal  (external 	     (75% full
#               threads)   threads)  	      thread)
#                 (in)      (in)      (in)      (in)      (in)      (in)
# ----------------------------------------------------------------------------

0-80_UNF         0.0600    0.0451    0.0125    0.0499    0.0568    0.1800
1-64_UNC         0.0730	   0.0544    0.0156    0.0603    0.0692    0.2190
1-72_UNF         0.0730	   0.0565    0.0139    0.0617    0.0695    0.2190
2-56_UNC         0.0860	   0.0648    0.0179    0.0715    0.0819    0.2580
2-64_UNF         0.0860	   0.0674    0.0156    0.0733    0.0822    0.2580
3-48_UNC         0.0990	   0.0741    0.0208    0.0821    0.0945	   0.2970
3-56_UNF         0.0990    0.0778    0.0179    0.0845    0.0949	   0.2970
4-40_UNC         0.1120    0.0822    0.0250    0.0917    0.1069	   0.3360
4-48_UNF	 0.1120    0.0871    0.0208    0.0951    0.1075    0.3360
5-40_UNC	 0.1250	   0.0952    0.0250    0.1047	 0.1199	   0.3750
5-44_UNF	 0.1250	   0.0979    0.0227    0.1065    0.1202	   0.3750
6-32_UNC	 0.1380	   0.1008    0.0313    0.1126	 0.1320	   0.4140
6-40_UNF	 0.1380	   0.1082    0.0250    0.1177	 0.1329	   0.4140
8-32_UNC	 0.1640	   0.1268    0.0313    0.1386	 0.1580	   0.4920
8-36_UNF	 0.1640	   0.1309    0.0278    0.1414	 0.1585	   0.4920
10-24_UNC	 0.1900	   0.1404    0.0417    0.1562	 0.1828	   0.5700
10-32_UNF	 0.1900	   0.1528    0.0313    0.1646	 0.1840	   0.5700
12-24_UNC	 0.2160	   0.1664    0.0417    0.1822	 0.2088	   0.6480
12-28_UNF	 0.2160	   0.1734    0.0357    0.1870	 0.2095	   0.6480
12-32_UNEF	 0.2160	   0.1788    0.0313    0.1906	 0.2100	   0.6480
1/4-20_UNC	 0.2500	   0.1905    0.0500    0.2094	 0.2419	   0.7500
1/4-28_UNF	 0.2500	   0.2074    0.0357    0.2210	 0.2435	   0.7500
1/4-32_UNEF	 0.2500	   0.2128    0.0313    0.2246	 0.2440	   0.7500
5/16-18_UNC	 0.3125	   0.2464    0.0556    0.2674	 0.3038	   0.9375
5/16-24_UNF	 0.3125	   0.2629    0.0417    0.2787	 0.3053	   0.9375
5/16-32_UNEF	 0.3125	   0.2753    0.0313    0.2871	 0.3065	   0.9375
3/8-16_UNC	 0.3750	   0.3005    0.0625    0.3243	 0.3656	   1.1250
3/8-24_UNF	 0.3750	   0.3254    0.0417    0.3412	 0.3678	   1.1250
3/8-32_UNEF	 0.3750	   0.3378    0.0313    0.3496	 0.3690	   1.1250
7/16-14_UNC	 0.4375	   0.3525    0.0714    0.3795	 0.4272	   1.1250
7/16-20_UNF	 0.4375	   0.3780    0.0500    0.3969	 0.4294	   1.1250
7/16-28_UNEF	 0.4375	   0.3949    0.0357    0.4085	 0.4310	   1.1250
1/2-13_UNC	 0.5000	   0.4084    0.0769    0.4375	 0.4891	   1.2500
1/2-20_UNF	 0.5000	   0.4405    0.0500    0.4594	 0.4919	   1.2500
1/2-28_UNEF	 0.5000	   0.4574    0.0357    0.4710	 0.4935	   1.2500
9/16-12_UNC	 0.5625	   0.4633    0.0833    0.4948	 0.5511	   1.3750
9/16-18_UNF	 0.5625	   0.4964    0.0556    0.5174	 0.5538	   1.3750
9/16-24_UNEF	 0.5625	   0.5129    0.0417    0.5287	 0.5553	   1.3750
5/8-11_UNC	 0.6250	   0.5168    0.0909    0.5512	 0.6129	   1.5000
5/8-18_UNF	 0.6250	   0.5589    0.0556    0.5799	 0.6163	   1.5000
5/8-24_UNEF	 0.6250	   0.5754    0.0417    0.5912	 0.6178	   1.5000
11/16-24_UNEF	 0.6875	   0.6379    0.0417    0.6537	 0.6803	   1.6250
3/4-10_UNC	 0.7500	   0.6309    0.1000    0.6688	 0.7371	   1.7500
3/4-16_UNF	 0.7500	   0.6755    0.0625    0.6993	 0.7406	   1.7500
3/4-20_UNEF	 0.7500	   0.6905    0.0500    0.7094	 0.7419	   1.7500
13/16-20_UNEF	 0.8125	   0.7530    0.0500    0.7719	 0.8044	   1.8750
7/8-9_UNC	 0.8750	   0.7427    0.1111    0.7848	 0.8611	   2.0000
7/8-14_UNF	 0.8750	   0.7900    0.0714    0.8170	 0.8647	   2.0000
7/8-20_UNEF	 0.8750	   0.8155    0.0500    0.8344	 0.8669	   2.0000
15/16-20_UNEF	 0.9375	   0.8780    0.0500    0.8969	 0.9294	   2.1250
1-8_UNC		 1.0000	   0.8512    0.1250    0.8985	 0.9850	   2.2500
1-12_UNF	 1.0000	   0.9008    0.0833    0.9323	 0.9886	   2.2500
1-20_UNEF	 1.0000	   0.9405    0.0500    0.9594	 0.9919	   2.2500
1_1/16-18_UNEF	 1.0625	   0.9964    0.0556    1.0174	 1.0538	   2.3750
1_1/8-7_UNC	 1.1250	   0.9549    0.1429    1.0090	 1.1086	   2.5000
1_1/8-12_UNF	 1.1250	   1.0258    0.0833    1.0573	 1.1136	   2.5000
1_1/8-18_UNEF	 1.1250	   1.0589    0.0556    1.0799	 1.1163	   2.5000
1_3/16-18_UNEF	 1.1875	   1.1214    0.0556    1.1424	 1.1788	   2.6250
1_1/4-7_UNC	 1.2500	   1.0799    0.1429    1.1340	 1.2336	   2.7500
1_1/4-12_UNF	 1.2500	   1.1508    0.0833    1.1823	 1.2386	   2.7500
1_1/4-18_UNEF	 1.2500	   1.1839    0.0556    1.2049	 1.2413	   2.7500
1_5/16-18_UNEF	 1.3125	   1.2464    0.0556    1.2674	 1.3038	   2.8750
1_3/8-6_UNC	 1.3750	   1.1766    0.1667    1.2397	 1.3568	   3.0000
1_3/8-12_UNF	 1.3750	   1.2758    0.0833    1.3073	 1.3636	   3.0000
1_3/8-18_UNEF	 1.3750	   1.3089    0.0556    1.3299	 1.3663    3.0000
1_7/16-18_UNEF	 1.4375	   1.3714    0.0556    1.3924	 1.4288	   3.1250
1_1/2-6_UNC	 1.5000	   1.3016    0.1667    1.3647	 1.4818	   3.2500
1_1/2-12_UNF	 1.5000	   1.4008    0.0833    1.4323	 1.4886	   3.2500
1_1/2-18_UNEF	 1.5000	   1.4339    0.0556    1.4549	 1.4913	   3.2500
1_9/16-18_UNEF	 1.5625	   1.4964    0.0556    1.5174	 1.5538	   3.3750
1_5/8-18_UNEF	 1.6250	   1.5589    0.0556    1.5799	 1.6163	   3.5000
1_11/16-18_UNEF	 1.6875	   1.6214    0.0556    1.6424	 1.6788	   3.6250
1_3/4-5_UNC	 1.7500	   1.5119    0.2000    1.5876	 1.7295	   3.7500
2-4_1/2_UNC	 2.0000	   1.7353    0.2222    1.8196	 1.9780	   4.2500
2_1/4-4_1/2_UNC	 2.2500	   1.9853    0.2222    2.0696	 2.2280	   4.7500
2_1/2-4_UNC	 2.5000	   2.2023    0.2500    2.2970	 2.4762	   5.2500
2_3/4-4_UNC	 2.7500	   2.4523    0.2500    2.5470	 2.7262	   5.7500
3-4_UNC		 3.0000	   2.7023    0.2500    2.7970	 2.9762	   6.2500
3_1/4-4_UNC	 3.2500	   2.9523    0.2500    3.0470	 3.2262	   6.7500
3_1/2-4_UNC	 3.5000	   3.2023    0.2500    3.2970	 3.4762	   7.2500
3_3/4-4_UNC	 3.7500	   3.4523    0.2500    3.5470	 3.7262	   7.7500
4-4_UNC		 4.0000	   3.7023    0.2500    3.7970	 3.9762	   8.2500

UNJ,0

# Unified Screw Threads - UNJ Thread Form, Class 3A/3B
# Data from ASME Standard B1.15-1995 Table #5 - pp 17-31
# ----------------------------------------------------------------------------
#   Name         Major	    Minor    Pitch   Tap Drill    Shaft    Depth
#                 Dia.	     Dia.               Dia.       Dia.
#              (internal  (external 	     (75% full
#               threads)   threads)  	      thread)
#                 (in)      (in)      (in)      (in)      (in)      (in)
# ----------------------------------------------------------------------------

0.0600-80_UNJF   0.0600    0.0456    0.0125    0.0509    0.0568    0.1800
0.0730-64_UNJC   0.0730	   0.0550    0.0156    0.0616    0.0692    0.2190
0.0730-72_UNJF   0.0730	   0.0570    0.0139    0.0629    0.0692    0.2190
0.0860-56_UNJC   0.0860	   0.0654    0.0179    0.0730    0.0819    0.2580
0.0860-64_UNJF   0.0860	   0.0680    0.0156    0.0746    0.0822    0.2580
0.0990-48_UNJC   0.0990	   0.0750    0.0208    0.0838    0.0945	   0.2970
0.0990-56_UNJF   0.0990    0.0784    0.0179    0.0860    0.0949	   0.2970
0.1120-40_UNJC   0.1120    0.0832    0.0250    0.0938    0.1069	   0.3360
0.1120-48_UNJF   0.1120    0.0880    0.0208    0.0968    0.1075	   0.3360
0.1250-40_UNJC	 0.1250	   0.0962    0.0250    0.1068	 0.1199	   0.3750
0.1250-44_UNJF	 0.1250	   0.0987    0.0227    0.1084    0.1202	   0.3750
0.1380-32_UNJC	 0.1380	   0.1019    0.0313    0.1152	 0.1320	   0.4140
0.1380-40_UNJF	 0.1380	   0.1092    0.0250    0.1198	 0.1329	   0.4140
0.1640-32_UNJC	 0.1640	   0.1279    0.0313    0.1412	 0.1580	   0.4920
0.1640-36_UNJF	 0.1640	   0.1320    0.0278    0.1438	 0.1585	   0.4920
0.1900-24_UNJC	 0.1900	   0.1418    0.0417    0.1596	 0.1828	   0.5700
0.1900-32_UNJF	 0.1900	   0.1539    0.0313    0.1672	 0.1840	   0.5700
0.2160-24_UNJC	 0.2160	   0.1678    0.0417    0.1856	 0.2088	   0.6480
0.2160-28_UNJF	 0.2160	   0.1748    0.0357    0.1899	 0.2095	   0.6480
0.2160-32_UNJEF	 0.2160	   0.1799    0.0313    0.1932	 0.2100	   0.6480
0.2500-20_UNJC	 0.2500	   0.1922    0.0500    0.2135	 0.2419	   0.7500
0.2500-28_UNJF	 0.2500	   0.2088    0.0357    0.2239	 0.2435	   0.7500
0.2500-32_UNJEF	 0.2500	   0.2139    0.0313    0.2272	 0.2440	   0.7500
0.3125-18_UNJC	 0.3125	   0.2483    0.0556    0.2719	 0.3038	   0.9375
0.3125-24_UNJF	 0.3125	   0.2644    0.0417    0.2760	 0.3053	   0.9375
0.3125-32_UNJEF	 0.3125	   0.2764    0.0313    0.2821	 0.3065	   0.9375
0.3750-16_UNJC	 0.3750	   0.3028    0.0625    0.3293	 0.3656	   1.1250
0.3750-24_UNJF	 0.3750	   0.3268    0.0417    0.3446	 0.3678	   1.1250
0.3750-32_UNJEF	 0.3750	   0.3389    0.0313    0.3522	 0.3690	   1.1250
0.4375-14_UNJC	 0.4375	   0.3550    0.0714    0.3854	 0.4272	   1.1250
0.4375-16_UNJ	 0.4375	   0.3653    0.0625    0.3918	 0.4281	   1.1250
0.4375-20_UNJF	 0.4375	   0.3797    0.0500    0.4010	 0.4294	   1.1250
0.4375-28_UNJEF	 0.4375	   0.3963    0.0357    0.4114	 0.4310	   1.1250
0.5000-13_UNJC	 0.5000	   0.4111    0.0769    0.4438	 0.4891	   1.2500
0.5000-16_UNJ	 0.5000	   0.4278    0.0625    0.4544	 0.4906	   1.2500
0.5000-20_UNJF	 0.5000	   0.4422    0.0500    0.4635	 0.4919	   1.2500
0.5000-28_UNJEF	 0.5000	   0.4588    0.0357    0.4739	 0.4935	   1.2500
0.5625-12_UNJC	 0.5625	   0.4663    0.0833    0.5017	 0.5511	   1.3750
0.5625-16_UNJ	 0.5625	   0.4903    0.0625    0.5169	 0.5531	   1.3750
0.5625-18_UNJF	 0.5625	   0.4983    0.0556    0.5219	 0.5538	   1.3750
0.5625-24_UNJEF	 0.5625	   0.5143    0.0417    0.5321	 0.5553	   1.3750
0.6250-11_UNJC	 0.6250	   0.5201    0.0909    0.5586	 0.6129	   1.5000
0.6250-12_UNJ	 0.6250	   0.5288    0.0833    0.5642	 0.6136	   1.5000
0.6250-16_UNJ	 0.6250	   0.5528    0.0625    0.5794	 0.6156	   1.5000
0.6250-18_UNJF	 0.6250	   0.5608    0.0556    0.5844	 0.6163	   1.5000
0.6250-24_UNJEF	 0.6250	   0.5768    0.0417    0.5946	 0.6178	   1.5000
0.6875-12_UNJ	 0.6875	   0.5913    0.0833    0.6267	 0.6761	   1.6250
0.6875-16_UNJ	 0.6875	   0.6153    0.0625    0.6419	 0.6781	   1.6250
0.6875-24_UNJEF	 0.6875	   0.6393    0.0417    0.6571	 0.6803	   1.6250
0.7500-10_UNJC	 0.7500	   0.6345    0.1000    0.6770	 0.7371	   1.7500
0.7500-12_UNJ	 0.7500	   0.6538    0.0833    0.6892	 0.7386	   1.7500
0.7500-16_UNJF	 0.7500	   0.6778    0.0625    0.7044	 0.7406	   1.7500
0.7500-20_UNJEF	 0.7500	   0.6922    0.0500    0.7135	 0.7419	   1.7500
0.8125-12_UNJ	 0.8125	   0.7163    0.0833    0.7517	 0.8011	   1.8750
0.8125-16_UNJ	 0.8125	   0.7403    0.0625    0.7669	 0.8031	   1.8750
0.8125-20_UNJEF	 0.8125	   0.7547    0.0500    0.7760	 0.8044	   1.8750
0.8750-9_UNJC	 0.8750	   0.7467    0.1111    0.7939	 0.8611	   2.0000
0.8750-12_UNJ	 0.8750	   0.7788    0.0833    0.8142	 0.8636	   2.0000
0.8750-14_UNJF	 0.8750	   0.7925    0.0714    0.8229	 0.8647	   2.0000
0.8750-16_UNJ	 0.8750	   0.8028    0.0625    0.8294	 0.8656	   2.0000
0.8750-20_UNJEF	 0.8750	   0.8172    0.0500    0.8385	 0.8669	   2.0000
0.9375-12_UNJ	 0.9375	   0.8413    0.0833    0.8767	 0.9261	   2.1250
0.9375-16_UNJ	 0.9375	   0.8653    0.0625    0.8919	 0.9281	   2.1250
0.9375-20_UNJEF	 0.9375	   0.8797    0.0500    0.9010	 0.9294	   2.1250
1.0000-8_UNJC	 1.0000	   0.8556    0.1250    0.9087	 0.9850	   2.2500
1.0000-12_UNJF	 1.0000	   0.9038    0.0833    0.9392	 0.9886	   2.2500
1.0000-16_UNJ	 1.0000	   0.9278    0.0625    0.9544	 0.9906	   2.2500
1.0000-20_UNJEF	 1.0000	   0.9422    0.0500    0.9635	 0.9919	   2.2500
1.0625-8_UNJ	 1.0625	   0.9182    0.1250    0.9712	 1.0475	   2.3750
1.0625-12_UNJ	 1.0625	   0.9663    0.0833    1.0017	 1.0511	   2.3750
1.0625-16_UNJ	 1.0625	   0.9903    0.0625    1.0169	 1.0531	   2.3750
1.0625-18_UNJEF	 1.0625	   0.9983    0.0556    1.0219	 1.0538	   2.3750
1.1250-7_UNJC	 1.1250	   0.9600    0.1429    1.0207	 1.1086	   2.5000
1.1250-8_UNJ	 1.1250	   0.9806    0.1250    1.0337	 1.1100	   2.5000
1.1250-12_UNJF	 1.1250	   1.0288    0.0833    1.0642	 1.1136	   2.5000
1.1250-16_UNJ	 1.1250	   1.0528    0.0625    1.0794	 1.1156	   2.5000
1.1250-18_UNJEF	 1.1250	   1.0608    0.0556    1.0844	 1.1163	   2.5000
1.1875-8_UNJ	 1.1875	   1.0432    0.1250    1.0962	 1.1725	   2.6250
1.1875-12_UNJ	 1.1875	   1.0913    0.0833    1.1267	 1.1761	   2.6250
1.1875-16_UNJ	 1.1875	   1.1153    0.0625    1.1419	 1.1781	   2.6250
1.1875-18_UNJEF	 1.1875	   1.1233    0.0556    1.1469	 1.1788	   2.6250
1.2500-7_UNJC	 1.2500	   1.0850    0.1429    1.1457	 1.2336	   2.7500
1.2500-8_UNJ	 1.2500	   1.1056    0.1250    1.1587	 1.2350	   2.7500
1.2500-12_UNJF	 1.2500	   1.1538    0.0833    1.1892	 1.2386	   2.7500
1.2500-16_UNJ	 1.2500	   1.1778    0.0625    1.2004	 1.2406	   2.7500
1.2500-18_UNJEF	 1.2500	   1.1858    0.0556    1.2094	 1.2413	   2.7500
1.3125-8_UNJ	 1.3125	   1.1682    0.1250    1.2212	 1.2975	   2.8750
1.3125-12_UNJ	 1.3125	   1.2163    0.0833    1.2517	 1.3011	   2.8750
1.3125-16_UNJ	 1.3125	   1.2403    0.0625    1.2669	 1.3031	   2.8750
1.3125-18_UNJEF	 1.3125	   1.2483    0.0556    1.2719	 1.3038	   2.8750
1.3750-6_UNJC	 1.3750	   1.1825    0.1667    1.2533	 1.3568	   3.0000
1.3750-8_UNJ	 1.3750	   1.2306    0.1250    1.2837	 1.3600	   3.0000
1.3750-12_UNJF	 1.3750	   1.2788    0.0833    1.3142	 1.3636	   3.0000
1.3750-16_UNJ	 1.3750	   1.3028    0.0625    1.3294	 1.3656	   3.0000
1.3750-18_UNJEF	 1.3750	   1.3108    0.0556    1.3344	 1.3663    3.0000
1.4375-8_UNJ	 1.4375	   1.2932    0.1250    1.3462	 1.4225	   3.1250
1.4375-12_UNJ	 1.4375	   1.3413    0.0833    1.3767	 1.4261	   3.1250
1.4375-16_UNJ	 1.4375	   1.3653    0.0625    1.3919	 1.4281	   3.1250
1.4375-18_UNJEF	 1.4375	   1.3733    0.0556    1.3969	 1.4288	   3.1250
1.5000-6_UNJC	 1.5000	   1.3075    0.1667    1.3783	 1.4818	   3.2500
1.5000-8_UNJ	 1.5000	   1.3556    0.1250    1.4087	 1.4850	   3.2500
1.5000-12_UNJF	 1.5000	   1.4038    0.0833    1.4392	 1.4886	   3.2500
1.5000-16_UNJ	 1.5000	   1.4278    0.0625    1.4544	 1.4906	   3.2500
1.5000-18_UNJEF	 1.5000	   1.4358    0.0556    1.4594	 1.4913	   3.2500
1.5625-8_UNJ	 1.5625	   1.4182    0.1250    1.4712	 1.5475	   3.3750
1.5625-12_UNJ	 1.5625	   1.4663    0.0833    1.5017	 1.5511	   3.3750
1.5625-16_UNJ	 1.5625	   1.4903    0.0625    1.5169	 1.5531	   3.3750
1.5625-18_UNJEF	 1.5625	   1.4983    0.0556    1.5219	 1.5538	   3.3750
1.6250-8_UNJ	 1.6250	   1.4806    0.1250    1.5337	 1.6100	   3.5000
1.6250-12_UNJ	 1.6250	   1.5288    0.0833    1.5642	 1.6136	   3.5000
1.6250-16_UNJ	 1.6250	   1.5528    0.0625    1.5794	 1.6156	   3.5000
1.6250-18_UNJEF	 1.6250	   1.5608    0.0556    1.5844	 1.6163	   3.5000
1.6875-8_UNJ	 1.6875	   1.5432    0.1250    1.5962	 1.6725	   3.6250
1.6875-12_UNJ	 1.6875	   1.5913    0.0833    1.6267	 1.6761	   3.6250
1.6875-16_UNJ	 1.6875	   1.6153    0.0625    1.6419	 1.6781	   3.6250
1.6875-18_UNJEF	 1.6875	   1.6233    0.0556    1.6469	 1.6788	   3.6250
1.7500-5_UNJC	 1.7500	   1.5191    0.2000    1.6039	 1.7295	   3.7500
1.7500-8_UNJ	 1.7500	   1.6056    0.1250    1.6587	 1.7350	   3.7500
1.7500-12_UNJ	 1.7500	   1.6538    0.0833    1.6892	 1.7386	   3.7500
1.7500-16_UNJ	 1.7500	   1.6778    0.0625    1.7044	 1.7406	   3.7500
1.8125-8_UNJ	 1.8125	   1.6682    0.1250    1.7212	 1.7975	   3.8750
1.8125-12_UNJ	 1.8125	   1.7163    0.0833    1.7517	 1.8011	   3.8750
1.8125-16_UNJ	 1.8125	   1.7403    0.0625    1.7669	 1.8031	   3.8750
1.8750-8_UNJ	 1.8750	   1.7306    0.1250    1.7837	 1.8600	   4.0000
1.8750-12_UNJ	 1.8750	   1.7788    0.0833    1.8142	 1.8636	   4.0000
1.8750-16_UNJ	 1.8750	   1.8028    0.0625    1.8294	 1.8656	   4.0000
1.9375-8_UNJ	 1.9375	   1.7932    0.1250    1.8462	 1.9225	   4.1250
1.9375-12_UNJ	 1.9375	   1.8413    0.0833    1.8767	 1.9261	   4.1250
1.9375-16_UNJ	 1.9375	   1.8653    0.0625    1.8919	 1.9281	   4.1250
2.0000-4.5_UNJC	 2.0000	   1.7434    0.2222    1.8376	 1.9780	   4.2500
2.0000-8_UNJ	 2.0000	   1.8556    0.1250    1.9087	 1.9850	   4.2500
2.0000-12_UNJ	 2.0000	   1.9038    0.0833    1.9392	 1.9886	   4.2500
2.0000-16_UNJ	 2.0000	   1.9278    0.0625    1.9544	 1.9906	   4.2500
2.1250-8_UNJ	 2.1250	   1.9806    0.1250    2.0337	 2.1100	   4.5000
2.1250-12_UNJ	 2.1250	   2.0288    0.0833    2.0642	 2.1136	   4.5000
2.1250-16_UNJ	 2.1250	   2.0528    0.0625    2.0794	 2.1156	   4.5000
2.2500-4.5_UNJC	 2.2500	   1.9934    0.2222    2.0876	 2.2280	   4.7500
2.2500-8_UNJ	 2.2500	   2.1056    0.1250    2.1587	 2.2350	   4.7500
2.2500-12_UNJ	 2.2500	   2.1538    0.0833    2.1892	 2.2386	   4.7500
2.2500-16_UNJ	 2.2500	   2.1778    0.0625    2.2044	 2.2406	   4.7500
2.3750-8_UNJ	 2.3750	   2.2306    0.1250    2.2837	 2.3600	   5.0000
2.3750-12_UNJ	 2.3750	   2.2788    0.0833    2.3142	 2.3636	   5.0000
2.3750-16_UNJ	 2.3750	   2.3028    0.0625    2.3294	 2.3656	   5.0000
2.5000-4_UNJC	 2.5000	   2.2113    0.2500    2.3174	 2.4762	   5.2500
2.5000-8_UNJ	 2.5000	   2.3556    0.1250    2.4087	 2.4850	   5.2500
2.5000-12_UNJ	 2.5000	   2.4038    0.0833    2.4392	 2.4886	   5.2500
2.5000-16_UNJ	 2.5000	   2.4278    0.0625    2.4544	 2.4906	   5.2500
2.6250-8_UNJ	 2.6250	   2.4806    0.1250    2.5337	 2.6100	   5.5000
2.6250-12_UNJ	 2.6250	   2.5288    0.0833    2.5642	 2.6136	   5.5000
2.6250-16_UNJ	 2.6250	   2.5528    0.0625    2.5794	 2.6156	   5.5000
2.7500-4_UNJC	 2.7500	   2.4613    0.2500    2.5674	 2.7262	   5.7500
2.7500-8_UNJ	 2.7500	   2.6056    0.1250    2.6587	 2.7350	   5.7500
2.7500-12_UNJ	 2.7500	   2.6538    0.0833    2.6892	 2.7386	   5.7500
2.7500-16_UNJ	 2.7500	   2.6778    0.0625    2.7044	 2.7406	   5.7500
2.8750-8_UNJ	 2.8750	   2.7306    0.1250    2.7837	 2.8600	   6.0000
2.8750-12_UNJ	 2.8750	   2.7788    0.0833    2.8142	 2.8636	   6.0000
2.8750-16_UNJ	 2.8750	   2.8028    0.0625    2.8294	 2.8656	   6.0000
3.0000-4_UNJC	 3.0000	   2.7113    0.2500    2.8174	 2.9762	   6.2500
3.0000-8_UNJ	 3.0000	   2.8556    0.1250    2.9087	 2.9850	   6.2500
3.0000-12_UNJ	 3.0000	   2.9038    0.0833    2.9392	 2.9886	   6.2500
3.0000-16_UNJ	 3.0000	   2.9278    0.0625    2.9544	 2.9906	   6.2500
3.1250-8_UNJ	 3.1250	   2.9806    0.1250    3.0337	 3.1100	   6.5000
3.1250-12_UNJ	 3.1250	   3.0288    0.0833    3.0642	 3.1136	   6.5000
3.1250-16_UNJ	 3.1250	   3.0528    0.0625    3.0794	 3.1156	   6.5000
3.2500-4_UNJC	 3.2500	   2.9613    0.2500    3.0674	 3.2262	   6.7500
3.2500-8_UNJ	 3.2500	   3.1056    0.1250    3.1587	 3.2350	   6.7500
3.2500-12_UNJ	 3.2500	   3.1538    0.0833    3.1892	 3.2386	   6.7500
3.2500-16_UNJ	 3.2500	   3.1778    0.0625    3.2044	 3.2406	   6.7500
3.3750-8_UNJ	 3.3750	   3.2306    0.1250    3.2837	 3.3600	   7.0000
3.3750-12_UNJ	 3.3750	   3.2788    0.0833    3.3142	 3.3636	   7.0000
3.3750-16_UNJ	 3.3750	   3.3028    0.0625    3.3294	 3.3656	   7.0000
3.5000-4_UNJC	 3.5000	   3.2113    0.2500    3.3174	 3.4762	   7.2500
3.5000-8_UNJ	 3.5000	   3.3556    0.1250    3.4087	 3.4850	   7.2500
3.5000-12_UNJ	 3.5000	   3.4038    0.0833    3.4392	 3.4886	   7.2500
3.5000-16_UNJ	 3.5000	   3.4278    0.0625    3.4544	 3.4906	   7.2500
3.6250-8_UNJ	 3.6250	   3.4806    0.1250    3.5337	 3.6100	   7.5000
3.6250-12_UNJ	 3.6250	   3.5288    0.0833    3.5642	 3.6136	   7.5000
3.6250-16_UNJ	 3.6250	   3.5528    0.0625    3.5794	 3.6156	   7.5000
3.7500-4_UNJC	 3.7500	   3.4613    0.2500    3.5674	 3.7262	   7.7500
3.7500-8_UNJ	 3.7500	   3.6056    0.1250    3.6587	 3.7350	   7.7500
3.7500-12_UNJ	 3.7500	   3.6538    0.0833    3.6892	 3.7386	   7.7500
3.7500-16_UNJ	 3.7500	   3.6778    0.0625    3.7044	 3.7406	   7.7500
3.8750-8_UNJ	 3.8750	   3.7306    0.1250    3.7837	 3.8600	   8.0000
3.8750-12_UNJ	 3.8750	   3.7788    0.0833    3.8142	 3.8636	   8.0000
3.8750-16_UNJ	 3.8750	   3.8028    0.0625    3.8294	 3.8656	   8.0000
4.0000-4_UNJC	 4.0000	   3.7113    0.2500    3.8174	 3.9762	   8.2500
4.0000-8_UNJ	 4.0000	   3.8556    0.1250    3.9087	 3.9850	   8.2500
4.0000-12_UNJ	 4.0000	   3.9038    0.0833    3.9392	 3.9886	   8.2500
4.0000-16_UNJ	 4.0000	   3.9278    0.0625    3.9544	 3.9906	   8.2500
4.1250-12_UNJ	 4.1250	   4.0288    0.0833    4.0641	 4.1136	   8.5000
4.1250-16_UNJ	 4.1250	   4.0528    0.0625    4.0793	 4.1156	   8.5000
4.2500-12_UNJ	 4.2500	   4.1538    0.0833    4.1891	 4.2386	   8.7500
4.2500-16_UNJ	 4.2500	   4.1778    0.0625    4.2043	 4.2406	   8.7500
4.3750-12_UNJ	 4.3750	   4.2788    0.0833    4.3141	 4.3636	   9.0000
4.3750-16_UNJ	 4.3750	   4.3028    0.0625    4.3293	 4.3656	   9.0000
4.5000-12_UNJ	 4.5000	   4.4038    0.0833    4.4391	 4.4886	   9.2500
4.5000-16_UNJ	 4.5000	   4.4278    0.0625    4.4543	 4.4906	   9.2500
4.6250-12_UNJ	 4.6250	   4.5288    0.0833    4.5641	 4.6136	   9.5000
4.6250-16_UNJ	 4.6250	   4.5528    0.0625    4.5793	 4.6156	   9.5000
4.7500-12_UNJ	 4.7500	   4.6538    0.0833    4.6891	 4.7386	   9.7500
4.7500-16_UNJ	 4.7500	   4.6778    0.0625    4.7043	 4.7406	   9.7500
4.8750-12_UNJ	 4.8750	   4.7788    0.0833    4.8141	 4.8636	   10.000
4.8750-16_UNJ	 4.8750	   4.8028    0.0625    4.8293	 4.8656	   10.000
5.0000-12_UNJ	 5.0000	   4.9038    0.0833    4.9391	 4.9886	   10.250
5.0000-16_UNJ	 5.0000	   4.9278    0.0625    4.9543	 4.9906	   10.250
5.1250-12_UNJ	 5.1250	   5.0288    0.0833    5.0641	 5.1136	   10.500
5.1250-16_UNJ	 5.1250	   5.0528    0.0625    5.0793	 5.1156	   10.500
5.2500-12_UNJ	 5.2500	   5.1538    0.0833    5.1891	 5.2386	   10.750
5.2500-16_UNJ	 5.2500	   5.1778    0.0625    5.2043	 5.2406	   10.750
5.3750-12_UNJ	 5.3750	   5.2788    0.0833    5.3141	 5.3636	   11.000
5.3750-16_UNJ	 5.3750	   5.3028    0.0625    5.3293	 5.3656	   11.000
5.5000-12_UNJ	 5.5000	   5.4038    0.0833    5.4391	 5.4886	   11.250
5.5000-16_UNJ	 5.5000	   5.4278    0.0625    5.4543	 5.4906	   11.250
5.6250-12_UNJ	 5.6250	   5.5288    0.0833    5.5641	 5.6136	   11.500
5.6250-16_UNJ	 5.6250	   5.5528    0.0625    5.5793	 5.6156	   11.500
5.7500-12_UNJ	 5.7500	   5.6538    0.0833    5.6891	 5.7386	   11.750
5.7500-16_UNJ	 5.7500	   5.6778    0.0625    5.7043	 5.7406	   11.750
5.8750-12_UNJ	 5.8750	   5.7788    0.0833    5.8141	 5.8636	   12.000
5.8750-16_UNJ	 5.8750	   5.8028    0.0625    5.8293	 5.8656	   12.000
6.0000-12_UNJ	 6.0000	   5.9038    0.0833    5.9391	 5.9886	   12.250
6.0000-16_UNJ	 6.0000	   5.9278    0.0625    5.9543	 5.9906	   12.250

Acme,0

# Acme Screw Threads - General Purpose
# Data from Machinery's Handbook (25th Edition, 1996) Table #3 - pp 1723
# ----------------------------------------------------------------------------
#   Name              Major     Minor     Pitch   Tap Drill     Shaft   Depth
#                      Dia.      Dia.                Dia.        Dia.
#                   (internal (external
#                    threads)  threads)
#                      (in)      (in)      (in)      (in)      (in)      (in)
# ----------------------------------------------------------------------------

0.250-16_ACME         0.2700    0.1775    0.0625    0.1906    0.2500    0.5000
0.3125-14_ACME        0.3325    0.2311    0.0714    0.2446    0.3125    0.6250
0.375-12_ACME         0.3950    0.2817    0.0833    0.2958    0.3750    0.7500
0.4375-12_ACME        0.4775    0.3442    0.0833    0.3583    0.4375    0.8750
0.500-10_ACME         0.5400    0.3800    0.1000    0.4050    0.5000    1.0000
0.625-8_ACME          0.6650    0.4800    0.1250    0.5063    0.6250    1.2500
0.750-6_ACME          0.7900    0.5633    0.1667    0.5917    0.7500    1.5000
0.875-6_ACME          0.9150    0.6883    0.1667    0.7167    0.8750    1.7500
1.000-5_ACME          1.0400    0.7800    0.2000    0.8100    1.0000    2.0000
1.125-5_ACME          1.1650    0.9050    0.2000    0.9350    1.1250    2.2500
1.250-5_ACME          1.2900    1.0300    0.2000    1.0600    1.2500    2.5000
1.375-4_ACME          1.4150    1.1050    0.2500    1.1375    1.3750    2.7500
1.500-4_ACME          1.5400    1.2300    0.2500    1.2625    1.5000    3.0000
1.750-4_ACME          1.7900    1.4800    0.2500    1.5125    1.7500    3.5000
2.000-4_ACME          2.0400    1.7300    0.2500    1.7625    2.0000    4.0000
2.250-3_ACME          2.2900    1.8967    0.3333    1.9333    2.2500    4.5000
2.500-3_ACME          2.5400    2.1467    0.3333    2.1833    2.5000    5.0000
2.750-3_ACME          2.7900    2.3967    0.3333    2.4333    2.7500    5.5000
3.000-2-ACME          3.0400    2.4800    0.5000    2.5250    3.0000    6.0000
3.500-2_ACME          3.5400    2.9800    0.5000    3.0250    3.5000    7.0000
4.000-2_ACME          4.0400    3.4800    0.5000    3.5250    4.0000    8.0000
4.500-2_ACME          4.5400    3.9800    0.5000    4.0250    4.5000    9.0000
5.000-2_ACME          5.0400    4.4800    0.5000    4.5250    5.0000   10.0000

Stub Acme,0

# Acme Screw Threads - Stub Acme
# Data from Machinery's Handbook (25th Edition, 1996) Table #14 - pp 1740
# ----------------------------------------------------------------------------
#   Name              Major     Minor     Pitch   Tap Drill     Shaft   Depth
#                      Dia.      Dia.                Dia.        Dia.
#                   (internal (external
#                    threads)  threads)
#                      (in)      (in)      (in)      (in)      (in)      (in)
# ----------------------------------------------------------------------------

0.250-16_STUB_ACME    0.2523    0.2024    0.0625    0.2156    0.2500    0.5000
0.3125-14_STUB_ACME   0.3150    0.2597    0.0714    0.2732    0.3125    0.6250
0.375-12_STUB_ACME    0.3778    0.3150    0.0833    0.3292    0.3750    0.7500
0.4375-12_STUB_ACME   0.4405    0.3775    0.0833    0.3917    0.4375    0.8750
0.500-10_STUB_ACME    0.5032    0.4200    0.1000    0.4450    0.5000    1.0000
0.625-8_STUB_ACME     0.6286    0.5300    0.1250    0.5563    0.6250    1.2500
0.750-6_STUB_ACME     0.7539    0.6300    0.1667    0.6583    0.7500    1.5000
0.875-6_STUB_ACME     0.8792    0.7550    0.1667    0.7833    0.8750    1.7500
1.000-5_STUB_ACME     1.0045    0.8600    0.2000    0.8900    1.0000    2.0000
1.125-5_STUB_ACME     1.1298    0.9850    0.2000    1.0150    1.1250    2.2500
1.250-5_STUB_ACME     1.2550    1.1100    0.2000    1.1400    1.2500    2.5000
1.375-4_STUB_ACME     1.3803    1.2050    0.2500    1.2375    1.3750    2.7500
1.500-4_STUB_ACME     1.5055    1.3300    0.2500    1.3625    1.5000    3.0000
1.750-4_STUB_ACME     1.7560    1.5800    0.2500    1.6125    1.7500    3.5000
2.000-4_STUB_ACME     2.0064    1.8300    0.2500    1.8625    2.0000    4.0000
2.250-3_STUB_ACME     2.2568    2.0300    0.3333    2.0667    2.2500    4.5000
2.500-3_STUB_ACME     2.5071    2.2800    0.3333    2.3167    2.5000    5.0000
2.750-3_STUB_ACME     2.7575    2.5300    0.3333    2.5667    2.7500    5.5000
3.000-2-STUB_ACME     3.0078    2.6800    0.5000    2.7250    3.0000    6.0000
3.500-2_STUB_ACME     3.5084    3.1800    0.5000    3.2250    3.5000    7.0000
4.000-2_STUB_ACME     4.0090    3.6800    0.5000    3.7250    4.0000    8.0000
4.500-2_STUB_ACME     4.5095    4.1800    0.5000    4.2250    4.5000    9.0000
5.000-2_STUB_ACME     5.0101    4.6800    0.5000    4.7250    5.0000   10.0000

Buttress,0

# Buttress Screw Threads - Standard Form
# Data from Machinery's Handbook (25th Edition, 1996) Table #2, pp 1743
# ----------------------------------------------------------------------------
#   Name              Major     Minor     Pitch   Tap Drill     Shaft   Depth
#                      Dia.      Dia.                Dia.        Dia.
#                   (internal (external
#                    threads)  threads)
#                      (in)      (in)      (in)      (in)      (in)      (in)
# ----------------------------------------------------------------------------

0.500-20_BUTT         0.5063    0.4350    0.0500    0.4400    0.5000    1.0000
0.500-16_BUTT         0.5078    0.4188    0.0625    0.4250    0.5000    1.0000
0.500-12_BUTT         0.5105    0.3917    0.0833    0.4000    0.5000    1.0000
0.625-20_BUTT         0.6313    0.5600    0.0500    0.5650    0.6250    1.2500
0.625-16_BUTT         0.6328    0.5438    0.0625    0.5500    0.6250    1.2500
0.625-16_BUTT         0.6355    0.5167    0.0833    0.5250    0.6250    1.2500
0.875-16_BUTT         0.8828    0.7938    0.0625    0.8000    0.8750    1.7500
0.875-12_BUTT         0.8855    0.7667    0.0833    0.7750    0.8750    1.7500
0.875-10_BUTT         0.8875    0.7450    0.1000    0.7550    0.8750    1.7500
1.000-16_BUTT         1.0078    0.9188    0.0625    0.9250    1.0000    2.0000
1.000-12_BUTT         1.0105    0.8917    0.0833    0.9000    1.0000    2.0000
1.000-10_BUTT         1.0125    0.8700    0.1000    0.8800    1.0000    2.0000
1.250-12_BUTT         1.2605    1.1417    0.0833    1.1500    1.2500    2.5000
1.250-10_BUTT         1.2625    1.1200    0.1000    1.1300    1.2500    2.5000
1.250-8_BUTT          1.2657    1.0875    0.1250    1.1000    1.2500    2.5000
1.375-12_BUTT         1.3855    1.2667    0.0833    1.2750    1.3750    2.7500
1.375-10_BUTT         1.3875    1.2450    0.1000    1.2550    1.3750    2.7500
1.375-8_BUTT          1.3907    1.2125    0.1250    1.2250    1.3750    2.7500
1.500-12_BUTT         1.5105    1.3917    0.0833    1.4000    1.5000    3.0000
1.500-10_BUTT         1.5125    1.3700    0.1000    1.3800    1.5000    3.0000
1.500-8_BUTT          1.5157    1.3375    0.1250    1.3500    1.5000    3.0000
1.750-10_BUTT         1.7625    1.6200    0.1000    1.6300    1.7500    3.5000
1.750-8_BUTT          1.7657    1.5875    0.1250    1.6000    1.7500    3.5000
1.750-6_BUTT          1.7709    1.5333    0.1667    1.5500    1.7500    3.5000
2.000-10_BUTT         2.0125    1.8700    0.1000    1.8800    2.0000    4.0000
2.000-8_BUTT          2.0157    1.8375    0.1250    1.8500    2.0000    4.0000
2.000-6_BUTT          2.0209    1.7833    0.1667    1.8000    2.0000    4.0000
2.250-10_BUTT         2.2625    2.1200    0.1000    2.1300    2.2500    4.5000
2.250-8_BUTT          2.2657    2.0875    0.1250    2.1000    2.2500    4.5000
2.250-6_BUTT          2.2709    2.0333    0.1667    2.0500    2.2500    4.5000
2.500-10_BUTT         2.5125    2.3700    0.1000    2.3800    2.5000    5.0000
2.500-8_BUTT          2.5157    2.3375    0.1250    2.3500    2.5000    5.0000
2.500-6_BUTT          2.5209    2.2833    0.1667    2.3000    2.5000    5.0000
2.750-20_BUTT         2.7657    2.5875    0.1250    2.6000    2.7500    5.5000
2.750-6_BUTT          2.7709    2.5333    0.1667    2.5500    2.7500    5.5000
2.750-5_BUTT          2.7751    2.4900    0.2000    2.5100    2.7500    5.5000
3.000-8_BUTT          3.0157    2.8375    0.1250    2.8500    3.0000    6.0000
3.000-6_BUTT          3.0209    2.7833    0.1667    2.8000    3.0000    6.0000
3.000-5_BUTT          3.0251    2.7400    0.2000    2.7600    3.0000    6.0000
3.500-8_BUTT          3.5157    3.3375    0.1250    3.3500    3.5000    7.0000
3.500-6_BUTT          3.5209    3.2833    0.1667    3.3000    3.5000    7.0000
3.500-5_BUTT          3.5251    3.2400    0.2000    3.2600    3.5000    7.0000
4.000-8_BUTT          4.0157    3.8375    0.1250    3.8500    4.0000    8.0000
4.000-6_BUTT          4.0209    3.7833    0.1667    3.8000    4.0000    8.0000
4.000-5_BUTT          4.0251    3.7400    0.2000    3.7600    4.0000    8.0000
4.500-6_BUTT          4.5209    4.2833    0.1667    4.3000    4.5000    9.0000
4.500-5_BUTT          4.5251    4.2400    0.2000    4.2600    4.5000    9.0000
4.500-4_BUTT          4.5314    4.1750    0.2500    4.2000    4.5000    9.0000
5.000-6_BUTT          5.0209    4.7833    0.1667    4.8000    5.0000   10.0000
5.000-5_BUTT          5.0251    4.7400    0.2000    4.7600    5.0000   10.0000
5.000-4_BUTT          5.0314    4.6750    0.2500    4.7000    5.0000   10.0000
5.500-6_BUTT          5.5209    5.2833    0.1667    5.3000    5.5000   11.0000
5.500-5_BUTT          5.5251    5.2400    0.2000    5.2600    5.5000   11.0000
5.500-4_BUTT          5.5314    5.1750    0.2500    5.2000    5.5000   11.0000
6.000-6_BUTT          6.0209    5.7833    0.1667    5.8000    6.0000   12.0000
6.000-5_BUTT          6.0251    5.7400    0.2000    5.7600    6.0000   12.0000
6.000-4_BUTT          6.0314    5.6750    0.2500    5.7000    6.0000   12.0000
7.000-5_BUTT          7.0251    6.7400    0.2000    6.7600    7.0000   14.0000
7.000-4_BUTT          7.0314    6.6750    0.2500    6.7000    7.0000   14.0000
7.000-3_BUTT          7.0418    6.5667    0.3333    6.6000    7.0000   14.0000
8.000-5_BUTT          8.0251    7.7400    0.2000    7.7600    8.0000   16.0000
8.000-4_BUTT          8.0314    7.6750    0.2500    7.7000    8.0000   16.0000
8.000-3_BUTT          8.0418    7.5667    0.3333    7.6000    8.0000   16.0000
9.000-5_BUTT          9.0251    8.7400    0.2000    8.7600    9.0000   18.0000
9.000-4_BUTT          9.0314    8.6750    0.2500    8.7000    9.0000   18.0000
9.000-3_BUTT          9.0418    8.5667    0.3333    8.6000    9.0000   18.0000
10.000-5_BUTT        10.0251    9.7400    0.2000    9.7600   10.0000   20.0000
10.000-4_BUTT        10.0314    9.6750    0.2500    9.7000   10.0000   20.0000
10.000-3_BUTT        10.0418    9.5667    0.3333    9.6000   10.0000   20.0000
11.000-4_BUTT        11.0314   10.6750    0.2500   10.7000   11.0000   22.0000
11.000-3_BUTT        11.0418   10.5667    0.3333   10.6000   11.0000   22.0000
11.000-2_1/2_BUTT    11.0502   10.4800    0.4000   10.5200   11.0000   22.0000
12.000-4_BUTT        12.0314   11.6750    0.2500   11.7000   12.0000   24.0000
12.000-3_BUTT        12.0418   11.5667    0.3333   11.6000   12.0000   24.0000
12.000-2_1/2_BUTT    12.0502   11.4800    0.4000   11.5200   12.0000   24.0000
14.000-4_BUTT        14.0314   13.6750    0.2500   13.7000   14.0000   28.0000
14.000-3_BUTT        14.0418   13.5667    0.3333   13.6000   14.0000   28.0000
14.000-2_1/2_BUTT    14.0502   13.4800    0.4000   13.5200   14.0000   28.0000
16.000-4_BUTT        16.0314   15.6750    0.2500   15.7000   16.0000   32.0000
16.000-3_BUTT        16.0418   15.5667    0.3333   15.6000   16.0000   32.0000
16.000-2_1/2_BUTT    16.0502   15.4800    0.4000   15.5200   16.0000   32.0000
18.000-3_BUTT        18.0418   17.5667    0.3333   17.6000   18.0000   36.0000
18.000-2_1/2_BUTT    18.0502   17.4800    0.4000   17.5200   18.0000   36.0000
18.000-2_BUTT        18.0627   17.3500    0.5000   17.4000   18.0000   36.0000
20.000-3_BUTT        20.0418   19.5667    0.3333   19.6000   20.0000   40.0000
20.000-2_1/2_BUTT    20.0502   19.4800    0.4000   19.5200   20.0000   40.0000
20.000-2_BUTT        20.0627   19.3500    0.5000   19.4000   20.0000   40.0000
22.000-3_BUTT        22.0418   21.5667    0.3333   21.6000   22.0000   44.0000
22.000-2_1/2_BUTT    22.0502   21.4800    0.4000   21.5200   22.0000   44.0000
22.000-2_BUTT        22.0627   21.3500    0.5000   21.4000   22.0000   44.0000
24.000-3_BUTT        24.0418   23.5667    0.3333   23.6000   24.0000   48.0000
24.000-2_1/2_BUTT    24.0502   23.4800    0.4000   23.5200   24.0000   48.0000
24.000-2_BUTT        24.0627   23.3500    0.5000   23.4000   24.0000   48.0000

NPT,1

# American Pipe Threads - Standard Taper
# Data from Machinery's Handbook (25th Edition, 1996) Table #3 - pp 1774-1775
# ----------------------------------------------------------------------------
#   Name              Major     Minor     Pitch   Tap Drill    Pipe     Depth
#                      Dia.      Dia.                Dia.      Dia.
#                             (internal  	             (equal to
#                              threads)   	             major dia.)
#                      (in)      (in)      (in)      (in)      (in)      (in)
# ----------------------------------------------------------------------------

1/16-NPT              0.3125    0.2416    0.0370    0.2416    0.3125    0.3896
1/8-NPT               0.4050    0.3339    0.0370    0.3339    0.4050    0.3924
1/4-NPT               0.5400    0.4329    0.0556    0.4329    0.5400    0.5946
3/8-NPT               0.6750    0.5676    0.0556    0.5676    0.6750    0.6006
1/2-NPT               0.8400    0.7013    0.0714    0.7013    0.8400    0.7815
3/4-NPT               1.0500    0.9105    0.0714    0.9105    1.0500    0.7935
1-NPT                 1.3150    1.1441    0.0870    1.1441    1.3150    0.9845
1_1/4-NPT             1.6600    1.4876    0.0870    1.4876    1.6600    1.0085
1_1/2-NPT             1.9000    1.7265    0.0870    1.7265    1.9000    1.0252
2-NPT                 2.3750    2.1995    0.0870    2.1995    2.3750    1.0582
2_1/2-NPT             2.8750    2.6195    0.1250    2.6195    2.8750    1.5712
3-NPT                 3.5000    3.2406    0.1250    3.2406    3.5000    1.6337
3_1/2-NPT             4.0000    3.7375    0.1250    3.7375    4.0000    1.6837
4-NPT                 4.5000    4.2344    0.1250    4.2344    4.5000    1.7337
5-NPT                 5.5630    5.2907    0.1250    5.2907    5.5630    1.8400
6-NPT                 6.6250    6.3461    0.1250    6.3461    6.6250    1.9462
8-NPT                 8.6250    8.3336    0.1250    8.3336    8.6250    2.1462
10-NPT               10.7500   10.4453    0.1250   10.4453   10.7500    2.3587
12-NPT               12.7500   12.4328    0.1250   12.4328   12.7500    2.5587
14-NPT               14.0000   13.6750    0.1250   13.6750   14.0000    2.6837
16-NPT               16.0000   15.6625    0.1250   15.6625   16.0000    2.8837
18-NPT               18.0000   17.6500    0.1250   17.6500   18.0000    3.0837
20-NPT               20.0000   19.6375    0.1250   19.6375   20.0000    3.2837
24-NPT               24.0000   23.6125    0.1250   23.6125   24.0000    3.6837  

Hose Coupling,0

# Hose Coupling Screw Thread - ANSI Standard
# Data from Machinery's Handbook (25th Edition, 1996) Table #1 - pp 1767
# ----------------------------------------------------------------------------
#   Name              Major     Minor     Pitch   Tap Drill     Pipe   Depth
#                      Dia.      Dia.                Dia.       Dia.
#                   (internal (external
#                    threads)  threads)
#                      (in)      (in)      (in)      (in)      (in)      (in)
# ----------------------------------------------------------------------------

0.75-11.5_NH          1.0725    0.9495    0.0870    0.9513    1.0625    0.3750
0.75-11.5_NHR         1.0680    0.9495    0.0870    0.9513    1.0520    0.3750
0.5-14_NPSH           0.8323    0.7320    0.0714    0.7334    0.8248    0.3125
0.75-14_NPSH          1.0428    0.9425    0.0714    0.9443    1.0353    0.3750
1-11.5_NPSH           1.3051    1.1821    0.0870    1.1844    1.2951    0.3750
1.25-11.5_NPSH        1.6499    1.5629    0.0870    1.5659    1.6399    0.4688
1.5-11.5_NPSH         1.8888    1.7658    0.0870    1.7692    1.8788    0.4688
2-11.5_NPSH           2.3628    2.2398    0.0870    2.2441    2.3528    0.5938
2.5-8_NPSH            2.8554    2.6810    0.1250    2.6861    2.8434    0.6875
3-8_NPSH              3.4817    3.3076    0.1250    3.3139    3.4697    0.8125
3.5-8_NPSH            3.9820    3.8076    0.1250    3.8148    3.9700    0.8125
4-8_NPSH              4.4803    4.3059    0.1250    4.3141    4.4683    0.8125
4-6_NH_(SPL)          4.9283    4.6916    0.1667    4.7005    4.9082    0.7500

Fire Hose,0

# Fire Hose Connection Screw Thread - NFPA Standard
# Data from Machinery's Handbook (25th Edition, 1996) Table #1 - pp 1769
# ----------------------------------------------------------------------------
#   Name              Major     Minor     Pitch   Tap Drill     Pipe   Depth
#                      Dia.      Dia.                Dia.       Dia.
#                   (internal (external
#                    threads)  threads)
#                      (in)      (in)      (in)      (in)      (in)      (in)
# ----------------------------------------------------------------------------

0.75-8_NH             1.3870    1.2126    0.1250    1.2248    1.3750    0.7500
1-8_NH                1.3870    1.2126    0.1250    1.2248    1.3750    0.7500
1.5-9_NH              2.0020    1.8457    0.1111    1.8643    1.9900    0.6667
2.5-7.5_NH            3.0836    2.8954    0.1333    2.9246    3.0686    0.8750
3-6_NH                3.6389    3.4073    0.1667    3.4417    3.6239    1.0000
3.5-6_NH              4.2639    4.0273    0.1667    4.0680    4.2439    1.0000
4-4_NH                5.0359    4.6861    0.2500    4.7334    5.0109    1.5000
4.5-4_NH              5.7859    5.4361    0.2500    5.4910    5.7609    1.5000
5-4_NH                6.2850    5.9352    0.2500    5.9952    6.2600    1.5000
6-4_NH                7.0500    6.7002    0.2500    6.7679    7.0250    1.5000
