# ISO Metric Threads

Metric,0

# Metric Screw Threads - M Profile
# Data from Machinery's Handbook (25th Edition, 1996) Table #11 - pp 1694-1695
# ----------------------------------------------------------------------------
#   Name         Major       Minor    Pitch    Tap Drill    Shaft     Depth
#                 Dia.        Dia.               Dia.        Dia.
#              (internal   (external           (75% full
#               threads)    threads)            thread)
#                 (mm)        (mm)     (mm)      (mm)       (mm)       (mm)
# ----------------------------------------------------------------------------
                                        
M1.6_X_0.35       1.600      1.202    0.35      1.3158      1.496     15.200
M2_X_0.4          2.000      1.548    0.40      1.6752      1.886     16.000
M2.5_X_0.45       2.500      1.993    0.45      2.1346      2.380     17.000
M3_X_0.5          3.000      2.439    0.50      2.4591      2.874     18.000
M3.5_X_0.6        3.500      2.829    0.60      3.0129      3.354     19.000
M4_X_0.7          4.000      3.220    0.70      3.4317      3.838     20.000
M5_X_0.8          5.000      4.110    0.80      4.3505      4.826     22.000
M6_X_1            6.000      4.891    1.00      5.1881      5.795     24.000
M8_X_1.25         8.000      6.619    1.25      6.9851      7.760     28.000
M8_X_1            8.000      6.891    1.00      7.1881      7.794     28.000
M10_X_1.5        10.000      8.344    1.50      8.7822      9.732     32.000
M10_X_1.25       10.000      8.619    1.25      8.9851      9.760     32.000
M10_X_0.75       10.000      9.166    0.75      9.3911      9.838     32.000
M12_X_1.75       12.000     10.072    1.75     10.5792     11.701     36.000
M12_X_1.5        12.000     10.344    1.50     10.7822     11.732     36.000
M12_X_1.25       12.000     10.619    1.25     10.9851     11.760     36.000
M12_X_1          12.000     10.891    1.00     11.1881     11.794     36.000
M14_X_2          14.000     11.797    2.00     12.3762     13.682     40.000
M14_X_1.5        14.000     12.344    1.50     12.7822     13.732     40.000
M15_X_1          15.000     13.891    1.00     14.1881     14.794     42.000
M16_X_2          16.000     13.797    2.00     14.3762     15.682     44.000
M16_X_1.5        16.000     14.344    1.50     14.7822     15.732     44.000
M17_X_1          17.000     15.891    1.00     16.1881     16.794     46.000
M18_X_1.5        18.000     16.344    1.50     16.7822     17.732     48.000
M20_X_2.5        20.000     17.252    2.50     17.9703     19.623     52.000
M20_X_1.5        20.000     18.344    1.50     18.7822     19.732     52.000
M20_X_1          20.000     18.891    1.00     19.1881     19.794     52.000
M22_X_2.5        22.000     19.252    2.50     19.9703     21.623     56.000
M22_X_1.5        22.000     20.344    1.50     20.7822     21.732     56.000
M24_X_3          24.000     20.704    3.00     21.5643     23.577     60.000
M24_X_2          24.000     21.797    2.00     22.3762     23.682     60.000
M25_X_1.5        25.000     23.344    1.50     23.7822     24.732     62.000
M27_X_3          27.000     23.704    3.00     24.5643     26.577     66.000
M27_X_2          27.000     24.797    2.00     25.3762     26.682     66.000
M30_X_3.5        30.000     26.158    3.50     27.1584     29.522     72.000
M30_X_2          30.000     27.797    2.00     28.3762     29.682     72.000
M30_X_1.5        30.000     28.344    1.50     28.7822     29.732     72.000
M33_X_2          33.000     30.797    2.00     31.3762     32.682     78.000
M35_X_1.5        35.000     33.344    1.50     33.7822     34.732     82.000
M36_X_4          36.000     31.610    4.00     32.7524     35.465     84.000
M36_X_2          36.000     33.797    2.00     34.3762     35.682     84.000
M39_X_2          39.000     36.797    2.00     37.3762     38.682     90.000
M40_X_1.5        40.000     38.344    1.50     38.7822     39.732     92.000
M42_X_4.5        42.000     37.066    4.50     39.1584     41.437     96.000
M42_X_2          42.000     39.797    2.00     40.3762     41.682     96.000
M45_X_1.5        45.000     43.344    1.50     43.7822     44.732    102.000
M48_X_5          48.000     42.516    5.00     43.9405     47.399    108.000
M48_X_2          48.000     45.797    2.00     46.3762     47.682    108.000
M50_X_1.5        50.000     48.344    1.50     48.7822     49.732    112.000
M55_X_1.5        55.000     53.344    1.50     53.7822     54.732    122.000
M56_X_5.5        56.000     49.971    5.50     51.5346     55.365    124.000
M56_X_2          56.000     53.797    2.00     54.3762     55.682    124.000    
M60_X_1.5        60.000     58.344    1.50     58.7822     59.732    132.000
M64_X_6          64.000     57.425    6.00     59.1286     63.320    140.000
M64_X_2          64.000     61.797    2.00     62.3762     63.682    140.000
M65_X_1.5        65.000     63.344    1.50     63.7822     64.732    142.000
M70_X_1.5        70.000     68.344    1.50     68.7822     69.732    152.000
M72_X_6          72.000     65.425    6.00     67.1286     71.320    156.000
M72_X_2          72.000     69.797    2.00     70.3762     71.682    156.000
M75_X_1.5        75.000     73.344    1.50     73.7822     74.732    162.000
M80_X_6          80.000     73.425    6.00     75.1286     79.320    172.000
M80_X_2          80.000     77.797    2.00     78.3762     79.682    172.000
M80_X_1.5        80.000     78.344    1.50     78.7822     79.732    172.000
M85_X_2          85.000     82.797    2.00     83.3762     84.682    182.000
M90_X_6          90.000     83.425    6.00     85.1286     89.320    192.000
M90_X_2          90.000     87.797    2.00     88.3762     89.682    192.000
M95_X_2          95.000     92.797    2.00     93.3762     94.682    202.000
M100_X_6        100.000     93.425    6.00     95.1286     99.320    212.000
M100_X_2        100.000     97.797    2.00     98.3762     99.682    212.000
M105_X_2        105.000    102.797    2.00    103.3762    104.682    222.000
M110_X_2        110.000    107.797    2.00    108.3762    109.682    232.000
M120_X_2        120.000    117.797    2.00    118.3762    119.682    252.000
M130_X_2        130.000    127.797    2.00    128.3762    129.682    272.000
M140_X_2        140.000    137.797    2.00    138.3762    139.682    292.000
M150_X_2        150.000    147.797    2.00    148.3762    149.682    312.000
M160_X_3        160.000    156.704    3.00    157.5643    159.577    332.000
M170_X_3        170.000    166.704    3.00    167.5643    169.577    352.000
M180_X_3        180.000    176.704    3.00    177.5643    179.577    372.000
M190_X_3        190.000    186.704    3.00    187.5643    189.577    392.000
M200_X_3        200.000    196.704    3.00    197.5643    199.577    412.000

Trapezoidal,0

# Trapezoidal Metric Threads
# Data from Machinery's Handbook (25th Edition, 1996) pp 1703
# ----------------------------------------------------------------------------
#   Name         Major       Minor    Pitch    Tap Drill    Shaft     Depth
#                 Dia.        Dia.               Dia.        Dia.
#              (internal   (external
#               threads)    threads)
#                 (mm)        (mm)     (mm)      (mm)       (mm)       (mm)
# ----------------------------------------------------------------------------

M10_X_3          10.500      6.500    3.00      7.1500     10.000     20.000
M12_X_3          12.500      8.500    3.00      9.1500     12.000     24.000
M14_X_4          14.500      9.500    4.00     10.2000     14.000     28.000
M16_X_4          16.500     11.500    4.00     12.2000     16.000     32.000
M18_X_4          18.500     13.500    4.00     14.2000     18.000     36.000
M20_X_4          20.500     15.500    4.00     16.2000     20.000     40.000
M22_X_5          22.500     16.000    5.00     17.2500     22.000     44.000
M24_X_5          24.500     18.500    5.00     19.2500     24.000     48.000
M26_X_5          26.500     20.500    5.00     21.2500     26.000     52.000
M28_X_5          28.500     22.500    5.00     23.2500     28.000     56.000
M30_X_6          30.500     23.500    6.00     24.3000     30.000     60.000
M32_X_6          32.500     25.500    6.00     26.3000     32.000     64.000
M36_X_6          36.500     39.500    6.00     30.3000     36.000     72.000
M40_X_7          40.500     32.500    7.00     33.3500     40.000     80.000
M44_X_7          44.500     36.500    7.00     37.3500     44.000     88.000
M48_X_8          48.500     39.500    8.00     40.4000     48.000     96.000
M50_X_8          50.500     41.500    8.00     42.4000     50.000    100.000
M52_X_8          52.500     43.500    8.00     44.4000     52.000    104.000
M55_X_9          55.500     45.500    9.00     46.4500     55.000    110.000
M60_X_9          60.500     50.500    9.00     51.4500     60.000    120.000
M65_X_10         65.500     54.500   10.00     55.5000     65.000    130.000
M70_X_10         70.500     59.500   10.00     60.5000     70.000    140.000
M75_X_10         75.500     64.500   10.00     65.5000     75.000    150.000
M80_X_10         80.500     69.500   10.00     70.5000     80.000    160.000
M85_X_12         85.500     72.500   12.00     73.6000     85.000    170.000
M90_X_12         90.500     77.500   12.00     78.6000     90.000    180.000
M95_X_12         95.500     82.500   12.00     83.6000     95.000    190.000
M100_X_12       100.500     87.500   12.00     88.6000    100.000    200.000
M110_X_12       110.500     97.500   12.00     98.6000    110.000    220.000
M120_X_14       121.000    105.000   14.00    106.7000    120.000    240.000
M130_X_14       131.000    115.000   14.00    116.7000    130.000    260.000
M140_X_14       141.000    125.000   14.00    126.7000    140.000    280.000
M150_X_16       151.000    133.000   16.00    134.8000    150.000    300.000
M160_X_16       161.000    143.000   16.00    144.8000    160.000    320.000
M170_X_16       171.000    153.000   16.00    154.8000    170.000    340.000
M180_X_18       181.000    161.000   18.00    162.9000    180.000    360.000
M190_X_18       191.000    171.000   18.00    172.9000    190.000    380.000
M200_X_18       201.000    181.000   18.00    182.9000    200.000    400.000
M210_X_20       211.000    189.000   20.00    191.0000    210.000    420.000
M220_X_20       221.000    199.000   20.00    201.0000    220.000    440.000
M230_X_20       231.000    209.000   20.00    211.0000    230.000    460.000
M240_X_22       241.000    217.000   22.00    219.1000    240.000    480.000
M250_X_22       251.000    227.000   22.00    229.1000    250.000    500.000
M260_X_22       261.000    237.000   22.00    239.1000    260.000    520.000
M270_X_24       271.000    245.000   24.00    247.2000    270.000    540.000
M280_X_24       281.000    255.000   24.00    257.2000    280.000    560.000
M290_X_24       291.000    265.000   24.00    267.2000    290.000    580.000
M300_X_26       301.000    273.000   26.00    275.3000    300.000    600.000

Lowenherz,0

# Lowenherz Threads
# Data from Machinery's Handbook (25th Edition, 1996) pp 1750
# ----------------------------------------------------------------------------
#   Name         Major       Minor    Pitch    Tap Drill    Shaft     Depth
#                 Dia.        Dia.               Dia.        Dia.
#              (internal   (external
#               threads)    threads)
#                 (mm)        (mm)     (mm)      (mm)       (mm)       (mm)
# ----------------------------------------------------------------------------

M1.0_X_0.25       1.031      0.613    0.25      0.6250      1.000      2.000
M1.2_X_0.25       1.231      0.813    0.25      0.8250      1.200      2.400
M1.4_X_0.30       1.438      0.935    0.30      0.9500      1.400      2.800
M1.7_X_0.35       1.744      1.158    0.35      1.1750      1.700      3.400
M2.0_X_0.40       2.050      1.380    0.40      1.4000      2.000      4.000
M2.3_X_0.40       2.350      1.680    0.40      1.7000      2.300      4.600
M2.6_X_0.45       2.656      1.903    0.45      1.9250      2.600      5.200
M3.0_X_0.50       3.063      2.225    0.50      2.2500      3.000      6.000
M3.5_X_0.60       3.575      2.570    0.60      2.6000      3.500      7.000
M4.0_X_0.70       4.088      2.915    0.70      2.9500      4.000      8.000
M4.4_X_0.75       4.594      3.338    0.75      3.3750      4.500      9.000
M5.0_X_0.80       5.100      3.760    0.80      3.8000      5.000     10.000
M5.5_X_0.90       5.613      4.105    0.90      4.1500      5.500     11.000
M6.0_X_1.00       6.125      4.450    1.00      4.5000      6.000     12.000
M7.0_X_1.10       7.138      5.295    1.10      5.3500      7.000     14.000
M8.0_X_1.20       8.151      6.140    1.20      6.2000      8.000     16.000
M9.0_X_1.30       9.163      6.985    1.30      7.0500      9.000     18.000
M10.0_X_1.40      10.176     7.830    1.40      7.9000     10.000     20.000
M12.0_X_1.60      12.201     9.520    1.60      9.6000     12.000     24.000
M14.0_X_1.80      14.226    11.210    1.80     11.3000     14.000     28.000
M16.0_X_2.00      16.251    12.900    2.00     13.0000     16.000     32.000
M18.0_X_2.20      18.276    14.590    2.20     14.7000     18.000     36.000
M20.0_X_2.40      20.301    16.280    2.40     16.4000     20.000     40.000
M22.0_X_2.80      22.351    17.660    2.80     17.8000     22.000     44.000
M24.0_X_2.80      24.351    19.660    2.80     19.8000     24.000     48.000
M26.0_X_3.20      26.401    21.040    3.20     21.2000     26.000     52.000
M28.0_X_3.20      28.401    23.040    3.20     23.2000     28.000     56.000
M30.0_X_3.60      30.452    24.420    3.60     24.6000     30.000     60.000
M32.0_X_3.60      32.452    26.420    3.60     26.6000     32.000     64.000
M36.0_X_4.00      36.502    29.800    4.00     30.0000     36.000     72.000
M40.0_X_4.40      40.552    33.180    4.40     33.4000     40.000     80.000

Spark Plug,0

# Spark Plug Threads - S.A.E. Standard
# Data from Machinery's Handbook (25th Edition, 1996) pp 1765
# ----------------------------------------------------------------------------
#   Name         Major       Minor    Pitch    Tap Drill    Shaft     Depth
#                 Dia.        Dia.               Dia.        Dia.
#              (internal   (external           (75% full
#               threads)    threads)            thread)
#                 (mm)        (mm)     (mm)      (mm)       (mm)       (mm)
# ----------------------------------------------------------------------------

M10_X_1.0        10.000      8.747     1.00      9.1881      9.974     20.000
M12_X_1.25       12.000     10.211     1.25     10.9851     11.862     24.000
M14_X_1.25       14.000     12.339     1.25     12.9851     13.868     28.000
M18_X_1.5        18.000     16.053     1.50     16.7822     17.933     36.000

# SAERI 1.03 , 2002-07-08 , Changed by shenhongcai
# Common Thread

GB193,0

# Data from GB 193-81 GB 196-81 Series "Common Thread"
# ----------------------------------------------------------------------------
#   Name         Major       Minor    Pitch    Tap Drill    Shaft     Depth
#                 Dia.        Dia.               Dia.        Dia.
#              (internal   (external           (=Minor     (Major
#               threads)    threads)            Dia.)       Dia.)
#                 (mm)        (mm)     (mm)      (mm)       (mm)       (mm)
# ----------------------------------------------------------------------------
                                        
M1_X_0.2        1.000   0.783   0.20    0.783   1.000   10.000
M1_X_0.25       1.000   0.729   0.25    0.729   1.000   10.000
M1.2_X_0.2      1.200   0.983   0.20    0.983   1.200   10.000
M1.2_X_0.25     1.200   0.929   0.25    0.929   1.200   10.000
M1.6_X_0.2      1.600   1.383   0.20    1.383   1.600   10.000
M1.6_X_0.35     1.600   1.221   0.35    1.221   1.600   10.000
M2_X_0.25       2.000   1.729   0.25    1.729   2.000   10.000
M2_X_0.4        2.000   1.567   0.40    1.567   2.000   10.000
M2.5_X_0.35     2.500   2.121   0.35    2.121   2.500   10.000
M2.5_X_0.45     2.500   2.013   0.45    2.013   2.500   10.000
M3_X_0.35       3.000   2.621   0.35    2.621   3.000   10.000
M3_X_0.5        3.000   2.459   0.50    2.459   3.000   10.000
M3.5_X_0.35     3.500   3.121   0.35    3.121   3.500   10.000
M4_X_0.5        4.000   3.459   0.50    3.459   4.000   10.000
M4_X_0.7        4.000   3.242   0.70    3.242   4.000   10.000
M5_X_0.5        5.000   4.459   0.50    4.459   5.000   10.000
M5_X_0.8        5.000   4.134   0.80    4.134   5.000   10.000
M6_X_0.75       6.000   5.188   0.75    5.188   6.000   10.000
M6_X_1.0        6.000   4.917   1.00    4.917   6.000   10.000
M8_X_0.75       8.000   7.188   0.75    7.188   8.000   10.000
M8_X_1.0        8.000   6.917   1.00    6.917   8.000   10.000
M8_X_1.25       8.000   6.647   1.25    6.647   8.000   10.000
M10_X_0.75      10.000  9.188   0.75    9.188   10.000  10.000
M10_X_1.0       10.000  8.917   1.00    8.917   10.000  10.000
M10_X_1.25      10.000  8.647   1.25    8.647   10.000  10.000
M10_X_1.5       10.000  8.376   1.50    8.376   10.000  10.000
M12_X_1.0       12.000  10.917  1.00    10.917  12.000  10.000
M12_X_1.25      12.000  10.647  1.25    10.647  12.000  10.000
M12_X_1.5       12.000  10.376  1.50    10.376  12.000  10.000
M12_X_1.75      12.000  10.106  1.75    10.106  12.000  10.000
M14_X_1.0       14.000  12.917  1.00    12.917  14.000  10.000
M14_X_1.5       14.000  12.376  1.50    12.376  14.000  10.000
M14_X_2.0       14.000  11.835  2.00    11.835  14.000  10.000
M15_X_1.5       15.000  13.376  1.50    13.376  15.000  10.000
M16_X_1.0       16.000  14.917  1.00    14.917  16.000  10.000
M16_X_1.5       16.000  14.376  1.50    14.376  16.000  10.000
M16_X_2.0       16.000  13.835  2.00    13.835  16.000  10.000
M17_X_1.5       17.000  15.376  1.50    15.376  17.000  10.000
M18_X_1.0       18.000  16.917  1.00    16.917  18.000  10.000
M18_X_1.5       18.000  16.376  1.50    16.376  18.000  10.000
M18_X_2.0       18.000  15.835  2.00    15.835  18.000  10.000
M18_X_2.5       18.000  15.294  2.50    15.294  18.000  10.000
M20_X_1.0       20.000  18.917  1.00    18.917  20.000  10.000
M20_X_1.5       20.000  18.376  1.50    18.376  20.000  10.000
M20_X_2.0       20.000  17.835  2.00    17.835  20.000  10.000
M20_X_2.5       20.000  17.294  2.50    17.294  20.000  10.000
M22_X_1.0       22.000  20.917  1.00    20.917  22.000  10.000
M22_X_1.5       22.000  20.376  1.50    20.376  22.000  10.000
M22_X_2.0       22.000  19.835  2.00    19.835  22.000  10.000
M22_X_2.5       22.000  19.294  2.50    19.294  22.000  10.000
M24_X_1.0       24.000  22.917  1.00    22.917  24.000  10.000
M24_X_1.5       24.000  22.376  1.50    22.376  24.000  10.000
M24_X_2.0       24.000  21.835  2.00    21.835  24.000  10.000
M24_X_3.0       24.000  20.752  3.00    20.752  24.000  10.000
M25_X_1.5       25.000  23.376  1.50    23.376  25.000  10.000
M25_X_2.0       25.000  22.835  2.00    22.835  25.000  10.000
M27_X_1.0       27.000  25.917  1.00    25.917  27.000  10.000
M27_X_1.5       27.000  25.376  1.50    25.376  27.000  10.000
M27_X_2.0       27.000  24.835  2.00    24.835  27.000  10.000
M27_X_3.0       27.000  23.752  3.00    23.752  27.000  10.000
M30_X_1.0       30.000  28.917  1.00    28.917  30.000  10.000
M30_X_1.5       30.000  28.376  1.50    28.376  30.000  10.000
M30_X_2.0       30.000  27.835  2.00    27.835  30.000  10.000
M30_X_3.5       30.000  26.211  3.50    26.211  30.000  10.000
M33_X_1.5       33.000  31.376  1.50    31.376  33.000  10.000
M33_X_2.0       33.000  30.835  2.00    30.835  33.000  10.000
M33_X_3.5       33.000  29.211  3.50    29.211  33.000  10.000
M35_X_1.5       35.000  33.376  1.50    33.376  35.000  10.000
M36_X_1.5       36.000  34.376  1.50    34.376  36.000  10.000
M36_X_2.0       36.000  33.835  2.00    33.835  36.000  10.000
M36_X_3.0       36.000  32.752  3.00    32.752  36.000  10.000
M36_X_4.0       36.000  31.670  4.00    31.670  36.000  10.000
M39_X_1.5       39.000  37.376  1.50    37.376  39.000  10.000
M39_X_2.0       39.000  36.835  2.00    36.835  39.000  10.000
M39_X_3.0       39.000  35.752  3.00    35.752  39.000  10.000
M39_X_4.0       39.000  34.670  4.00    34.670  39.000  10.000
M40_X_1.5       40.000  38.376  1.50    38.376  40.000  10.000
M42_X_1.5       42.000  40.376  1.50    40.376  42.000  10.000
M42_X_2.0       42.000  39.835  2.00    39.835  42.000  10.000
M42_X_3.0       42.000  38.752  3.00    38.752  42.000  10.000
M42_X_4.5       42.000  37.129  4.50    37.129  42.000  10.000
M45_X_1.5       45.000  43.376  1.50    43.376  45.000  10.000
M45_X_2.0       45.000  42.835  2.00    42.835  45.000  10.000
M45_X_3.0       45.000  41.752  3.00    41.752  45.000  10.000
M48_X_1.5       48.000  46.376  1.50    46.376  48.000  10.000
M48_X_2.0       48.000  45.835  2.00    45.835  48.000  10.000
M48_X_3.0       48.000  44.752  3.00    44.752  48.000  10.000
M48_X_5.0       48.000  42.587  5.00    42.587  48.000  10.000
M50_X_1.5       50.000  48.376  1.50    48.376  50.000  10.000
M55_X_1.5       55.000  53.376  1.50    53.376  55.000  10.000
M55_X_2.0       55.000  52.835  2.00    52.835  55.000  10.000
M56_X_1.5       56.000  54.376  1.50    54.376  56.000  10.000
M56_X_2.0       56.000  53.835  2.00    53.835  56.000  10.000
M56_X_3.0       56.000  52.752  3.00    52.752  56.000  10.000
M56_X_4.0       56.000  51.670  4.00    51.670  56.000  10.000
M56_X_5.5       56.000  50.046  5.50    50.046  56.000  10.000
M60_X_1.5       60.000  58.376  1.50    58.376  60.000  10.000
M60_X_2.0       60.000  57.835  2.00    57.835  60.000  10.000
M60_X_3.0       60.000  56.752  3.00    56.752  60.000  10.000
M60_X_4.0       60.000  55.670  4.00    55.670  60.000  10.000
M64_X_1.5       64.000  62.376  1.50    62.376  64.000  10.000
M64_X_2.0       64.000  61.835  2.00    61.835  64.000  10.000
M64_X_3.0       64.000  60.752  3.00    60.752  64.000  10.000
M64_X_4.0       64.000  59.670  4.00    59.670  64.000  10.000
M64_X_6.0       64.000  57.505  6.00    57.505  64.000  10.000
M65_X_1.5       65.000  63.376  1.50    63.376  65.000  10.000
M65_X_2.0       65.000  62.835  2.00    62.835  65.000  10.000
M70_X_1.5       70.000  68.376  1.50    68.376  70.000  10.000
M70_X_2.0       70.000  67.835  2.00    67.835  70.000  10.000
M72_X_1.5       72.000  70.376  1.50    70.376  72.000  10.000
M72_X_2.0       72.000  69.835  2.00    69.835  72.000  10.000
M72_X_3.0       72.000  68.752  3.00    68.752  72.000  10.000
M72_X_4.0       72.000  67.670  4.00    67.670  72.000  10.000
M72_X_6.0       72.000  65.505  6.00    65.505  72.000  10.000
M75_X_1.5       75.000  73.376  1.50    73.376  75.000  10.000
M75_X_2.0       75.000  72.835  2.00    72.835  75.000  10.000
M80_X_1.5       80.000  79.917  1.50    79.917  80.000  10.000
M80_X_2.0       80.000  77.835  2.00    77.835  80.000  10.000
M80_X_3.0       80.000  76.752  3.00    76.752  80.000  10.000
M80_X_4.0       80.000  75.670  4.00    75.670  80.000  10.000
M80_X_6.0       80.000  73.505  6.00    73.505  80.000  10.000
M85_X_2.0       85.000  82.835  2.00    82.835  85.000  10.000
M85_X_3.0       85.000  81.752  3.00    81.752  85.000  10.000
M85_X_4.0       85.000  80.670  4.00    80.670  85.000  10.000
M85_X_6.0       85.000  78.505  6.00    78.505  85.000  10.000
M90_X_2.0       90.000  87.835  2.00    87.835  90.000  10.000
M90_X_3.0       90.000  86.752  3.00    86.752  90.000  10.000
M90_X_4.0       90.000  85.670  4.00    85.670  90.000  10.000
M90_X_6.0       90.000  83.505  6.00    83.505  90.000  10.000
M95_X_2.0       95.000  92.835  2.00    92.835  95.000  10.000
M95_X_3.0       95.000  91.752  3.00    91.752  95.000  10.000
M95_X_4.0       95.000  90.670  4.00    90.670  95.000  10.000
M95_X_6.0       95.000  88.505  6.00    88.505  95.000  10.000
M100_X_2.0      100.000 97.835  2.00    97.835  100.000 10.000
M100_X_3.0      100.000 96.752  3.00    96.752  100.000 10.000
M100_X_4.0      100.000 95.670  4.00    95.670  100.000 10.000
M100_X_6.0      100.000 93.505  6.00    93.505  100.000 10.000
M105_X_2.0      105.000 102.835 2.00    102.835 105.000 10.000
M105_X_3.0      105.000 101.752 3.00    101.752 105.000 10.000
M105_X_4.0      105.000 100.670 4.00    100.670 105.000 10.000
M105_X_6.0      105.000 98.505  6.00    98.505  105.000 10.000
M110_X_2.0      110.000 107.835 2.00    107.835 110.000 10.000
M110_X_3.0      110.000 106.752 3.00    106.752 110.000 10.000
M110_X_4.0      110.000 105.670 4.00    105.670 110.000 10.000
M110_X_6.0      110.000 103.505 6.00    103.505 110.000 10.000
M120_X_2.0      120.000 117.835 2.00    117.835 120.000 10.000
M120_X_3.0      120.000 116.752 3.00    116.752 120.000 10.000
M120_X_4.0      120.000 115.670 4.00    115.670 120.000 10.000
M120_X_6.0      120.000 113.505 6.00    113.505 120.000 10.000
M125_X_2.0      125.000 122.835 2.00    122.835 125.000 10.000
M125_X_3.0      125.000 121.752 3.00    121.752 125.000 10.000
M125_X_4.0      125.000 120.670 4.00    120.670 125.000 10.000
M125_X_6.0      125.000 118.505 6.00    118.505 125.000 10.000
M130_X_2.0      130.000 127.835 2.00    127.835 130.000 10.000
M130_X_3.0      130.000 126.752 3.00    126.752 130.000 10.000
M130_X_4.0      130.000 125.670 4.00    125.670 130.000 10.000
M130_X_6.0      130.000 123.505 6.00    123.505 130.000 10.000
M140_X_2.0      140.000 137.835 2.00    137.835 140.000 10.000
M140_X_3.0      140.000 136.752 3.00    136.752 140.000 10.000
M140_X_4.0      140.000 135.670 4.00    135.670 140.000 10.000
M140_X_6.0      140.000 133.505 6.00    133.505 140.000 10.000
M150_X_2.0      150.000 147.835 2.00    147.835 150.000 10.000
M150_X_3.0      150.000 146.752 3.00    146.752 150.000 10.000
M150_X_4.0      150.000 145.670 4.00    145.670 150.000 10.000
M150_X_6.0      150.000 143.505 6.00    143.505 150.000 10.000
M160_X_3.0      160.000 156.752 3.00    156.752 160.000 10.000
M160_X_4.0      160.000 155.670 4.00    155.670 160.000 10.000
M160_X_6.0      160.000 153.505 6.00    153.505 160.000 10.000
M170_X_3.0      170.000 166.752 3.00    166.752 170.000 10.000
M170_X_4.0      170.000 165.670 4.00    165.670 170.000 10.000
M170_X_6.0      170.000 163.505 6.00    163.505 170.000 10.000
M180_X_3.0      180.000 176.752 3.00    176.752 180.000 10.000
M180_X_4.0      180.000 175.670 4.00    175.670 180.000 10.000
M180_X_6.0      180.000 173.505 6.00    173.505 180.000 10.000
M190_X_3.0      190.000 186.752 3.00    186.752 190.000 10.000
M190_X_4.0      190.000 185.670 4.00    185.670 190.000 10.000
M190_X_6.0      190.000 183.505 6.00    183.505 190.000 10.000
M200_X_3.0      200.000 196.752 3.00    196.752 200.000 10.000
M200_X_4.0      200.000 195.670 4.00    195.670 200.000 10.000
M200_X_6.0      200.000 193.505 6.00    193.505 200.000 10.000
M220_X_3.0      220.000 216.752 3.00    216.752 220.000 10.000
M220_X_4.0      220.000 215.670 4.00    215.670 220.000 10.000
M220_X_6.0      220.000 213.505 6.00    213.505 220.000 10.000
M250_X_3.0      250.000 246.752 3.00    246.752 250.000 10.000
M250_X_4.0      250.000 245.670 4.00    245.670 250.000 10.000
M250_X_6.0      250.000 243.505 6.00    243.505 250.000 10.000
M280_X_4.0      280.000 275.670 4.00    275.670 280.000 10.000
M280_X_6.0      280.000 273.505 6.00    273.505 280.000 10.000
M320_X_4.0      320.000 315.670 4.00    315.670 320.000 10.000
M320_X_6.0      320.000 313.505 6.00    313.505 320.000 10.000
M360_X_4.0      360.000 355.670 4.00    355.670 360.000 10.000
M360_X_6.0      360.000 353.505 6.00    353.505 360.000 10.000
M400_X_4.0      400.000 395.670 4.00    395.670 400.000 10.000
M400_X_6.0      400.000 393.505 6.00    393.505 400.000 10.000
M450_X_6.0      450.000 443.505 6.00    443.505 450.000 10.000
M500_X_6.0      500.000 493.505 6.00    493.505 500.000 10.000
M550_X_6.0      550.000 543.505 6.00    543.505 550.000 10.000
M600_X_6.0      600.000 593.505 6.00    593.505 600.000 10.000

# Structure MJ thread

GJB3.4,0

# Data from GJB 3.4-85 "Size and Tolerance of MJ and Structure Thread"
# ----------------------------------------------------------------------------
#   Name         Major       Minor    Pitch    Tap Drill    Shaft     Depth
#                 Dia.        Dia.               Dia.        Dia.
#              (internal   (external           (=Minor     (Major
#               threads)    threads)            Dia.)       Dia.)
#                 (mm)        (mm)     (mm)      (mm)       (mm)       (mm)
# ----------------------------------------------------------------------------
                                        
MJ1.6_X_0.2     1.600   1.325   0.20    1.325   1.600   10.000
MJ1.6_X_0.35    1.600   1.135   0.35    1.135   1.600   10.000
MJ1.8_X_0.2     1.800   1.525   0.20    1.525   1.800   10.000
MJ1.8_X_0.35    1.800   1.335   0.35    1.335   1.800   10.000
MJ2_X_0.5       2.000   1.661   0.50    1.661   2.000   10.000
MJ2_X_0.4       2.000   1.472   0.40    1.472   2.000   10.000
MJ2.2_X_0.25    2.200   1.861   0.25    1.861   2.200   10.000
MJ2.2_X_0.45    2.200   1.608   0.45    1.608   2.200   10.000
MJ2.5_X_0.35    2.500   2.035   0.35    2.035   2.500   10.000
MJ2.5_X_0.45    2.500   1.908   0.45    1.908   2.500   10.000
MJ3_X_0.35      3.000   2.533   0.35    2.533   3.000   10.000
MJ3_X_0.5       3.000   2.334   0.50    2.334   3.000   10.000
MJ3.5_X_0.35    3.500   3.033   0.35    3.033   3.500   10.000
MJ3.5_X_0.6     3.500   2.718   0.60    2.718   3.500   10.000
MJ4_X_0.5       4.000   3.344   0.50    3.344   4.000   10.000
MJ4_X_0.7       4.000   3.093   0.70    3.093   4.000   10.000
MJ4.5_X_0.5     4.500   3.844   0.50    3.844   4.500   10.000
MJ4.5_X_0.75    4.500   3.533   0.75    3.533   4.500   10.000
MJ5_X_0.5       5.000   4.344   0.50    4.344   5.000   10.000
MJ5_X_0.8       5.000   3.968   0.80    3.968   5.000   10.000
MJ5.5_X_0.5     5.500   4.844   0.50    4.844   5.500   10.000
MJ6_X_0.75      6.000   5.026   0.75    5.026   6.000   10.000
MJ6_X_1.0       6.000   4.713   1.00    4.713   6.000   10.000
MJ7_X_0.75      7.000   6.026   0.75    6.026   7.000   10.000
MJ7_X_1.0       7.000   5.713   1.00    5.713   7.000   10.000
MJ8_X_0.75      8.000   7.026   0.75    7.026   8.000   10.000
MJ8_X_1.0       8.000   6.713   1.00    6.713   8.000   10.000
MJ8_X_1.25      8.000   6.406   1.25    6.406   8.000   10.000
MJ9_X_0.75      9.000   8.026   0.75    8.026   9.000   10.000
MJ9_X_1.0       9.000   7.713   1.00    7.713   9.000   10.000
MJ9_X_1.25      9.000   7.406   1.25    7.406   9.000   10.000
MJ10_X_0.75     10.000  9.026   0.75    9.026   10.000  10.000
MJ10_X_1.0      10.000  8.713   1.00    8.713   10.000  10.000
MJ10_X_1.25     10.000  8.406   1.25    8.406   10.000  10.000
MJ10_X_1.5      10.000  8.092   1.50    8.092   10.000  10.000
MJ11_X_0.75     11.000  10.026  0.75    10.026  11.000  10.000
MJ11_X_1.0      11.000  9.713   1.00    9.713   11.000  10.000
MJ11_X_1.25     11.000  9.406   1.25    9.406   11.000  10.000
MJ11_X_1.5      11.000  9.092   1.50    9.092   11.000  10.000
MJ12_X_1.0      12.000  10.709  1.00    10.709  12.000  10.000
MJ12_X_1.25     12.000  10.396  1.25    10.396  12.000  10.000
MJ12_X_1.5      12.000  10.087  1.50    10.087  12.000  10.000
MJ12_X_1.75     12.000  9.778   1.75    9.778   12.000  10.000
MJ14_X_1.0      14.000  12.709  1.00    12.709  14.000  10.000
MJ14_X_1.25     14.000  12.396  1.25    12.396  14.000  10.000
MJ14_X_1.5      14.000  12.087  1.50    12.087  14.000  10.000
MJ14_X_2.0      14.000  11.469  2.00    11.469  14.000  10.000
MJ15_X_1.0      15.000  13.709  1.00    13.709  15.000  10.000
MJ15_X_1.5      15.000  13.087  1.50    13.087  15.000  10.000
MJ16_X_1.0      16.000  14.709  1.00    14.709  16.000  10.000
MJ16_X_1.5      16.000  14.087  1.50    14.087  16.000  10.000
MJ16_X_2.0      16.000  13.469  2.00    13.469  16.000  10.000
MJ17_X_1.0      17.000  15.709  1.00    15.709  17.000  10.000
MJ17_X_1.5      17.000  15.087  1.50    15.087  17.000  10.000
MJ18_X_1.0      18.000  16.709  1.00    16.709  18.000  10.000
MJ18_X_1.5      18.000  16.087  1.50    16.087  18.000  10.000
MJ18_X_2.0      18.000  15.469  2.00    15.469  18.000  10.000
MJ18_X_2.5      18.000  14.856  2.50    14.856  18.000  10.000
MJ20_X_1.0      20.000  18.709  1.00    18.709  20.000  10.000
MJ20_X_1.5      20.000  18.087  1.50    18.087  20.000  10.000
MJ20_X_2.0      20.000  17.469  2.00    17.469  20.000  10.000
MJ20_X_2.5      20.000  16.856  2.50    16.856  20.000  10.000
MJ22_X_1.0      22.000  20.709  1.00    20.709  22.000  10.000
MJ22_X_1.5      22.000  20.087  1.50    20.087  22.000  10.000
MJ22_X_2.0      22.000  19.469  2.00    19.469  22.000  10.000
MJ22_X_2.5      22.000  18.856  2.50    18.856  22.000  10.000
MJ24_X_1.0      24.000  22.704  1.00    22.704  24.000  10.000
MJ24_X_1.5      24.000  22.802  1.50    22.802  24.000  10.000
MJ24_X_2.0      24.000  21.463  2.00    21.463  24.000  10.000
MJ24_X_3.0      24.000  20.229  3.00    20.229  24.000  10.000
MJ25_X_1.0      25.000  23.704  1.00    23.704  25.000  10.000
MJ25_X_1.5      25.000  23.082  1.50    23.082  25.000  10.000
MJ25_X_2.0      25.000  22.463  2.00    22.463  25.000  10.000
MJ26_X_1.5      26.000  24.082  1.50    24.082  26.000  10.000
MJ27_X_1.0      27.000  25.704  1.00    25.704  27.000  10.000
MJ27_X_1.5      27.000  25.802  1.50    25.802  27.000  10.000
MJ27_X_2.0      27.000  24.463  2.00    24.463  27.000  10.000
MJ27_X_3.0      27.000  23.229  3.00    23.229  27.000  10.000
MJ28_X_1.0      28.000  26.704  1.00    26.704  28.000  10.000
MJ28_X_1.5      28.000  26.802  1.50    26.802  28.000  10.000
MJ28_X_2.0      28.000  25.463  2.00    25.463  28.000  10.000
MJ30_X_1.0      30.000  28.704  1.00    28.704  30.000  10.000
MJ30_X_1.5      30.000  28.082  1.50    28.082  30.000  10.000
MJ30_X_2.0      30.000  27.463  2.00    27.463  30.000  10.000
MJ30_X_3.0      30.000  26.229  3.00    26.229  30.000  10.000
MJ30_X_3.5      30.000  25.615  3.50    25.615  30.000  10.000
MJ32_X_1.5      32.000  30.082  1.50    30.082  32.000  10.000
MJ32_X_2.0      32.000  29.463  2.00    29.463  32.000  10.000
MJ33_X_1.5      33.000  31.082  1.50    31.082  33.000  10.000
MJ33_X_2.0      33.000  30.463  2.00    30.463  33.000  10.000
MJ33_X_3.0      33.000  29.229  3.00    29.229  33.000  10.000
MJ33_X_3.5      33.000  28.615  3.50    28.615  33.000  10.000
MJ35_X_1.5      35.000  33.082  1.50    33.082  35.000  10.000
MJ35_X_2.0      35.000  32.463  2.00    32.463  35.000  10.000
MJ36_X_1.5      36.000  34.082  1.50    34.082  36.000  10.000
MJ36_X_2.0      36.000  33.463  2.00    33.463  36.000  10.000
MJ36_X_3.0      36.000  32.229  3.00    32.229  36.000  10.000
MJ36_X_4.0      36.000  30.999  4.00    30.999  36.000  10.000
MJ38_X_1.5      38.000  36.082  1.50    36.082  38.000  10.000
MJ39_X_1.5      39.000  37.082  1.50    37.082  39.000  10.000
MJ39_X_2.0      39.000  36.463  2.00    36.463  39.000  10.000
MJ39_X_3.0      39.000  35.229  3.00    35.229  39.000  10.000
MJ39_X_4.0      39.000  33.999  4.00    33.999  39.000  10.000
MJ40_X_1.5      40.000  38.082  1.50    38.082  40.000  10.000
MJ40_X_2.0      40.000  37.463  2.00    37.463  40.000  10.000
MJ40_X_3.0      40.000  36.229  3.00    36.229  40.000  10.000
MJ42_X_1.5      42.000  40.082  1.50    40.082  42.000  10.000
MJ42_X_2.0      42.000  39.463  2.00    39.463  42.000  10.000
MJ42_X_3.0      42.000  38.229  3.00    38.229  42.000  10.000
MJ42_X_4.0      42.000  36.999  4.00    36.999  42.000  10.000
MJ42_X_4.5      42.000  36.381  4.50    36.381  42.000  10.000
MJ45_X_1.5      45.000  43.082  1.50    43.082  45.000  10.000
MJ45_X_2.0      45.000  42.463  2.00    42.463  45.000  10.000
MJ45_X_3.0      45.000  41.229  3.00    41.229  45.000  10.000
MJ45_X_4.0      45.000  39.999  4.00    39.999  45.000  10.000
MJ45_X_4.5      45.000  39.381  4.50    39.381  45.000  10.000
MJ48_X_1.5      48.000  46.007  1.50    46.007  48.000  10.000
MJ48_X_2.0      48.000  45.457  2.00    45.457  48.000  10.000
MJ48_X_3.0      48.000  44.222  3.00    44.222  48.000  10.000
MJ48_X_4.0      48.000  42.989  4.00    42.989  48.000  10.000
MJ48_X_5.0      48.000  41.763  5.00    41.763  48.000  10.000
MJ50_X_1.5      50.000  48.077  1.50    48.077  50.000  10.000
MJ50_X_2.0      50.000  47.457  2.00    47.457  50.000  10.000
MJ50_X_3.0      50.000  46.222  3.00    46.222  50.000  10.000
MJ52_X_1.5      52.000  50.077  1.50    50.077  52.000  10.000
MJ52_X_2.0      52.000  49.457  2.00    49.457  52.000  10.000
MJ52_X_3.0      52.000  48.222  3.00    48.222  52.000  10.000
MJ52_X_4.0      52.000  46.989  4.00    46.989  52.000  10.000
MJ52_X_5.0      52.000  45.763  5.00    45.763  52.000  10.000
MJ55_X_1.5      55.000  53.077  1.50    53.077  55.000  10.000
MJ55_X_2.0      55.000  52.457  2.00    52.457  55.000  10.000
MJ55_X_3.0      55.000  51.222  3.00    51.222  55.000  10.000
MJ55_X_4.0      55.000  49.989  4.00    49.989  55.000  10.000
MJ56_X_1.5      56.000  54.077  1.50    54.077  56.000  10.000
MJ56_X_2.0      56.000  53.457  2.00    53.457  56.000  10.000
MJ56_X_3.0      56.000  52.222  3.00    52.222  56.000  10.000
MJ56_X_4.0      56.000  50.989  4.00    50.989  56.000  10.000
MJ56_X_5.5      56.000  49.146  5.50    49.146  56.000  10.000
MJ58_X_1.5      58.000  56.077  1.50    56.077  58.000  10.000
MJ58_X_2.0      58.000  55.457  2.00    55.457  58.000  10.000
MJ58_X_3.0      58.000  54.222  3.00    54.222  58.000  10.000
MJ58_X_4.0      58.000  52.989  4.00    52.989  58.000  10.000
MJ60_X_1.5      60.000  58.077  1.50    58.077  60.000  10.000
MJ60_X_2.0      60.000  57.457  2.00    57.457  60.000  10.000
MJ60_X_3.0      60.000  56.222  3.00    56.222  60.000  10.000
MJ60_X_4.0      60.000  54.989  4.00    54.989  60.000  10.000
MJ60_X_5.5      60.000  53.146  5.50    53.146  60.000  10.000
MJ62_X_1.5      62.000  60.077  1.50    60.077  62.000  10.000
MJ62_X_2.0      62.000  59.457  2.00    59.457  62.000  10.000
MJ62_X_3.0      62.000  58.222  3.00    58.222  62.000  10.000
MJ62_X_4.0      62.000  56.989  4.00    56.989  62.000  10.000
MJ64_X_1.5      64.000  62.077  1.50    62.077  64.000  10.000
MJ64_X_2.0      64.000  61.457  2.00    61.457  64.000  10.000
MJ64_X_3.0      64.000  60.222  3.00    60.222  64.000  10.000
MJ64_X_4.0      64.000  58.989  4.00    58.989  64.000  10.000
MJ64_X_6.0      64.000  56.528  6.00    56.528  64.000  10.000
MJ65_X_1.5      65.000  63.077  1.50    63.077  65.000  10.000
MJ65_X_2.0      65.000  62.457  2.00    62.457  65.000  10.000
MJ65_X_3.0      65.000  61.222  3.00    61.222  65.000  10.000
MJ65_X_4.0      65.000  59.989  4.00    59.989  65.000  10.000
MJ68_X_1.5      68.000  66.077  1.50    66.077  68.000  10.000
MJ68_X_2.0      68.000  65.457  2.00    65.457  68.000  10.000
MJ68_X_3.0      68.000  64.222  3.00    64.222  68.000  10.000
MJ68_X_4.0      68.000  62.989  4.00    62.989  68.000  10.000
MJ68_X_6.0      68.000  60.528  6.00    60.528  68.000  10.000
MJ70_X_1.5      70.000  68.077  1.50    68.077  70.000  10.000
MJ70_X_2.0      70.000  67.457  2.00    67.457  70.000  10.000
MJ70_X_3.0      70.000  66.222  3.00    66.222  70.000  10.000
MJ70_X_4.0      70.000  64.989  4.00    64.989  70.000  10.000
MJ70_X_6.0      70.000  62.528  6.00    62.528  70.000  10.000
MJ72_X_1.5      72.000  70.077  1.50    70.077  72.000  10.000
MJ72_X_2.0      72.000  69.457  2.00    69.457  72.000  10.000
MJ72_X_3.0      72.000  68.222  3.00    68.222  72.000  10.000
MJ72_X_4.0      72.000  66.989  4.00    66.989  72.000  10.000
MJ72_X_6.0      72.000  64.528  6.00    64.528  72.000  10.000
MJ75_X_1.5      75.000  73.077  1.50    73.077  75.000  10.000
MJ75_X_2.0      75.000  72.457  2.00    72.457  75.000  10.000
MJ75_X_3.0      75.000  71.222  3.00    71.222  75.000  10.000
MJ75_X_4.0      75.000  69.989  4.00    69.989  75.000  10.000
MJ76_X_1.5      76.000  74.077  1.50    74.077  76.000  10.000
MJ76_X_3.0      76.000  72.222  3.00    72.222  76.000  10.000
MJ76_X_4.0      76.000  70.989  4.00    70.989  76.000  10.000
MJ76_X_6.0      76.000  68.528  6.00    68.528  76.000  10.000
MJ78_X_1.5      78.000  76.077  1.50    76.077  78.000  10.000
MJ78_X_2.0      78.000  75.457  2.00    75.457  78.000  10.000
MJ78_X_3.0      78.000  74.222  3.00    74.222  78.000  10.000
MJ80_X_1.5      80.000  78.077  1.50    78.077  80.000  10.000
MJ80_X_2.0      80.000  77.457  2.00    77.457  80.000  10.000
MJ80_X_3.0      80.000  76.222  3.00    76.222  80.000  10.000
MJ80_X_4.0      80.000  74.989  4.00    74.989  80.000  10.000
MJ80_X_6.0      80.000  72.528  6.00    72.528  80.000  10.000
MJ82_X_1.5      80.000  80.077  1.50    80.077  80.000  10.000
MJ82_X_2.0      80.000  79.457  2.00    79.457  80.000  10.000
MJ82_X_3.0      80.000  78.222  3.00    78.222  80.000  10.000
MJ85_X_1.5      85.000  83.077  1.50    83.077  85.000  10.000
MJ85_X_2.0      85.000  82.457  2.00    82.457  85.000  10.000
MJ85_X_3.0      85.000  81.222  3.00    81.222  85.000  10.000
MJ85_X_4.0      85.000  79.989  4.00    79.989  85.000  10.000
MJ85_X_6.0      85.000  77.528  6.00    77.528  85.000  10.000
MJ88_X_1.5      88.000  86.077  1.50    86.077  88.000  10.000
MJ90_X_1.5      90.000  88.077  1.50    88.077  90.000  10.000
MJ90_X_2.0      90.000  87.457  2.00    87.457  90.000  10.000
MJ90_X_3.0      90.000  86.222  3.00    86.222  90.000  10.000
MJ90_X_4.0      90.000  84.989  4.00    84.989  90.000  10.000
MJ90_X_6.0      90.000  82.528  6.00    82.528  90.000  10.000
MJ92_X_1.5      92.000  90.071  1.50    90.071  92.000  10.000
MJ95_X_1.5      95.000  93.071  1.50    93.071  95.000  10.000
MJ95_X_2.0      95.000  92.451  2.00    92.451  95.000  10.000
MJ95_X_3.0      95.000  91.214  3.00    91.214  95.000  10.000
MJ95_X_4.0      95.000  89.979  4.00    89.979  95.000  10.000
MJ95_X_6.0      95.000  87.518  6.00    87.518  95.000  10.000
MJ98_X_1.5      98.000  96.071  1.50    96.071  98.000  10.000
MJ100_X_1.5     100.000 98.071  1.50    98.071  100.000 10.000
MJ100_X_2.0     100.000 97.451  2.00    97.451  100.000 10.000
MJ100_X_3.0     100.000 96.214  3.00    96.214  100.000 10.000
MJ100_X_4.0     100.000 94.979  4.00    94.979  100.000 10.000
MJ100_X_6.0     100.000 92.518  6.00    92.518  100.000 10.000
MJ102_X_1.5     102.000 100.071 1.50    100.071 102.000 10.000
MJ105_X_1.5     105.000 103.071 1.50    103.071 105.000 10.000
MJ105_X_2.0     105.000 102.451 2.00    102.451 105.000 10.000
MJ105_X_3.0     105.000 101.214 3.00    101.214 105.000 10.000
MJ105_X_4.0     105.000 99.979  4.00    99.979  105.000 10.000
MJ105_X_6.0     105.000 97.518  6.00    97.518  105.000 10.000
MJ108_X_1.5     108.000 106.071 1.50    106.071 108.000 10.000
MJ110_X_1.5     110.000 108.071 1.50    108.071 110.000 10.000
MJ110_X_2.0     110.000 107.451 2.00    107.451 110.000 10.000
MJ110_X_3.0     110.000 106.214 3.00    106.214 110.000 10.000
MJ110_X_4.0     110.000 104.979 4.00    104.979 110.000 10.000
MJ110_X_6.0     110.000 102.518 6.00    102.518 110.000 10.000
MJ112_X_1.5     112.000 110.071 1.50    110.071 112.000 10.000
MJ115_X_1.5     115.000 113.071 1.50    113.071 115.000 10.000
MJ115_X_2.0     115.000 112.451 2.00    112.451 115.000 10.000
MJ115_X_3.0     115.000 111.214 3.00    111.214 115.000 10.000
MJ115_X_4.0     115.000 109.979 4.00    109.979 115.000 10.000
MJ115_X_6.0     115.000 107.518 6.00    107.518 115.000 10.000
MJ118_X_1.5     118.000 116.071 1.50    116.071 118.000 10.000
MJ120_X_1.5     120.000 118.071 1.50    118.071 120.000 10.000
MJ120_X_2.0     120.000 117.451 2.00    117.451 120.000 10.000
MJ120_X_3.0     120.000 116.214 3.00    116.214 120.000 10.000
MJ120_X_4.0     120.000 114.979 4.00    114.979 120.000 10.000
MJ120_X_6.0     120.000 112.518 6.00    112.518 120.000 10.000
MJ125_X_1.5     125.000 123.071 1.50    123.071 125.000 10.000
MJ125_X_2.0     125.000 122.451 2.00    122.451 125.000 10.000
MJ125_X_3.0     125.000 121.214 3.00    121.214 125.000 10.000
MJ125_X_4.0     125.000 119.979 4.00    119.979 125.000 10.000
MJ125_X_6.0     125.000 117.518 6.00    117.518 125.000 10.000
MJ130_X_1.5     130.000 128.071 1.50    128.071 130.000 10.000
MJ130_X_2.0     130.000 127.451 2.00    127.451 130.000 10.000
MJ130_X_3.0     130.000 126.214 3.00    126.214 130.000 10.000
MJ130_X_4.0     130.000 124.979 4.00    124.979 130.000 10.000
MJ130_X_6.0     130.000 122.518 6.00    122.518 130.000 10.000
MJ135_X_1.5     135.000 133.071 1.50    133.071 135.000 10.000
MJ135_X_2.0     135.000 132.451 2.00    132.451 135.000 10.000
MJ135_X_3.0     135.000 131.214 3.00    131.214 135.000 10.000
MJ135_X_4.0     135.000 129.979 4.00    129.979 135.000 10.000
MJ135_X_6.0     135.000 127.518 6.00    127.518 135.000 10.000
MJ140_X_1.5     140.000 138.071 1.50    138.071 140.000 10.000
MJ140_X_2.0     140.000 137.451 2.00    137.451 140.000 10.000
MJ140_X_3.0     140.000 136.214 3.00    136.214 140.000 10.000
MJ140_X_4.0     140.000 134.979 4.00    134.979 140.000 10.000
MJ140_X_6.0     140.000 132.518 6.00    132.518 140.000 10.000
MJ145_X_1.5     145.000 143.071 1.50    143.071 145.000 10.000
MJ145_X_2.0     145.000 142.451 2.00    142.451 145.000 10.000
MJ145_X_3.0     145.000 141.214 3.00    141.214 145.000 10.000
MJ145_X_4.0     145.000 139.979 4.00    139.979 145.000 10.000
MJ145_X_6.0     145.000 137.518 6.00    137.518 145.000 10.000
MJ150_X_1.5     150.000 148.071 1.50    148.071 150.000 10.000
MJ150_X_2.0     150.000 147.451 2.00    147.451 150.000 10.000
MJ150_X_3.0     150.000 146.214 3.00    146.214 150.000 10.000
MJ150_X_4.0     150.000 144.979 4.00    144.979 150.000 10.000
MJ150_X_6.0     150.000 142.518 6.00    142.518 150.000 10.000
MJ155_X_3.0     155.000 151.214 3.00    151.214 155.000 10.000
MJ155_X_4.0     155.000 149.979 4.00    149.979 155.000 10.000
MJ155_X_6.0     155.000 147.518 6.00    147.518 155.000 10.000
MJ160_X_3.0     160.000 156.214 3.00    156.214 160.000 10.000
MJ160_X_4.0     160.000 154.979 4.00    154.979 160.000 10.000
MJ160_X_6.0     160.000 152.518 6.00    152.518 160.000 10.000
MJ165_X_3.0     165.000 161.214 3.00    161.214 165.000 10.000
MJ165_X_4.0     165.000 159.979 4.00    159.979 165.000 10.000
MJ165_X_6.0     165.000 157.518 6.00    157.518 165.000 10.000
MJ170_X_3.0     170.000 166.214 3.00    166.214 170.000 10.000
MJ170_X_4.0     170.000 164.979 4.00    164.979 170.000 10.000
MJ170_X_6.0     170.000 162.518 6.00    162.518 170.000 10.000
MJ175_X_3.0     175.000 171.214 3.00    171.214 175.000 10.000
MJ175_X_4.0     175.000 169.979 4.00    169.979 175.000 10.000
MJ175_X_6.0     175.000 167.518 6.00    167.518 175.000 10.000
MJ180_X_3.0     180.000 176.214 3.00    176.214 180.000 10.000
MJ180_X_4.0     180.000 174.979 4.00    174.979 180.000 10.000
MJ180_X_6.0     180.000 172.518 6.00    172.518 180.000 10.000
MJ185_X_3.0     185.000 181.194 3.00    181.194 185.000 10.000
MJ185_X_4.0     185.000 179.959 4.00    179.959 185.000 10.000
MJ185_X_6.0     185.000 177.508 6.00    177.508 185.000 10.000
MJ190_X_3.0     190.000 186.194 3.00    186.194 190.000 10.000
MJ190_X_4.0     190.000 184.959 4.00    184.959 190.000 10.000
MJ190_X_6.0     190.000 182.508 6.00    182.508 190.000 10.000
MJ195_X_3.0     195.000 191.194 3.00    191.194 195.000 10.000
MJ195_X_4.0     195.000 189.959 4.00    189.959 195.000 10.000
MJ195_X_6.0     195.000 187.508 6.00    187.508 195.000 10.000
MJ200_X_3.0     200.000 196.194 3.00    196.194 200.000 10.000
MJ200_X_4.0     200.000 194.959 4.00    194.959 200.000 10.000
MJ200_X_6.0     200.000 192.508 6.00    192.508 200.000 10.000
MJ205_X_3.0     205.000 201.194 3.00    201.194 205.000 10.000
MJ205_X_4.0     205.000 199.959 4.00    199.959 205.000 10.000
MJ205_X_6.0     205.000 197.508 6.00    197.508 205.000 10.000
MJ210_X_3.0     210.000 206.194 3.00    206.194 210.000 10.000
MJ210_X_4.0     210.000 204.959 4.00    204.959 210.000 10.000
MJ210_X_6.0     210.000 202.508 6.00    202.508 210.000 10.000
MJ215_X_3.0     215.000 211.194 3.00    211.194 215.000 10.000
MJ215_X_4.0     215.000 209.959 4.00    209.959 215.000 10.000
MJ215_X_6.0     215.000 207.508 6.00    207.508 215.000 10.000
MJ220_X_3.0     220.000 216.194 3.00    216.194 220.000 10.000
MJ220_X_4.0     220.000 214.959 4.00    214.959 220.000 10.000
MJ220_X_6.0     220.000 212.508 6.00    212.508 220.000 10.000
MJ225_X_3.0     225.000 221.194 3.00    221.194 225.000 10.000
MJ225_X_4.0     225.000 219.959 4.00    219.959 225.000 10.000
MJ225_X_6.0     225.000 217.508 6.00    217.508 225.000 10.000
MJ230_X_3.0     230.000 226.194 3.00    226.194 230.000 10.000
MJ230_X_4.0     230.000 224.959 4.00    224.959 230.000 10.000
MJ230_X_6.0     230.000 222.508 6.00    222.508 230.000 10.000
MJ235_X_3.0     235.000 231.194 3.00    231.194 235.000 10.000
MJ235_X_4.0     235.000 229.959 4.00    229.959 235.000 10.000
MJ235_X_6.0     235.000 227.508 6.00    227.508 235.000 10.000
MJ240_X_3.0     240.000 236.194 3.00    236.194 240.000 10.000
MJ240_X_4.0     240.000 234.959 4.00    234.959 240.000 10.000
MJ240_X_6.0     240.000 232.508 6.00    232.508 240.000 10.000
MJ245_X_3.0     245.000 241.194 3.00    241.194 245.000 10.000
MJ245_X_4.0     245.000 239.959 4.00    239.959 245.000 10.000
MJ245_X_6.0     245.000 237.508 6.00    237.508 245.000 10.000
MJ250_X_3.0     250.000 246.194 3.00    246.194 250.000 10.000
MJ250_X_4.0     250.000 244.959 4.00    244.959 250.000 10.000
MJ250_X_6.0     250.000 242.508 6.00    242.508 250.000 10.000
MJ255_X_4.0     255.000 249.959 4.00    249.959 255.000 10.000
MJ255_X_6.0     255.000 247.508 6.00    247.508 255.000 10.000
MJ260_X_4.0     260.000 254.959 4.00    254.959 260.000 10.000
MJ260_X_6.0     260.000 252.508 6.00    252.508 260.000 10.000
MJ265_X_4.0     265.000 259.959 4.00    259.959 265.000 10.000
MJ265_X_6.0     265.000 257.508 6.00    257.508 265.000 10.000
MJ270_X_4.0     270.000 264.959 4.00    264.959 270.000 10.000
MJ270_X_6.0     270.000 262.508 6.00    262.508 270.000 10.000
MJ275_X_4.0     275.000 269.959 4.00    269.959 275.000 10.000
MJ275_X_6.0     275.000 267.508 6.00    267.508 275.000 10.000
MJ280_X_4.0     280.000 274.959 4.00    274.959 280.000 10.000
MJ280_X_6.0     280.000 272.508 6.00    272.508 280.000 10.000
MJ285_X_4.0     285.000 279.959 4.00    279.959 285.000 10.000
MJ285_X_6.0     285.000 277.508 6.00    277.508 285.000 10.000
MJ290_X_4.0     290.000 284.959 4.00    284.959 290.000 10.000
MJ290_X_6.0     290.000 282.508 6.00    282.508 290.000 10.000
MJ295_X_4.0     295.000 289.959 4.00    289.959 295.000 10.000
MJ295_X_6.0     295.000 287.508 6.00    287.508 295.000 10.000
MJ300_X_4.0     300.000 294.959 4.00    294.959 300.000 10.000
MJ300_X_6.0     300.000 292.508 6.00    292.508 300.000 10.000

#MJ Bolt And Nut Thread
GJB3.2,0

# Data from GJB 3.2-85 Series "Size and Tolerance of MJ Thread/Bolt and Nut Thread"
# ----------------------------------------------------------------------------
#   Name         Major       Minor    Pitch    Tap Drill    Shaft     Depth
#                 Dia.        Dia.               Dia.        Dia.
#              (internal   (external           (=Minor     (Major
#               threads)    threads)            Dia.)       Dia.)
#                 (mm)        (mm)     (mm)      (mm)       (mm)       (mm)
# ----------------------------------------------------------------------------
                                        
MJ1.6_X_0.35    1.600   1.135   0.35    1.135   1.600   10.000
MJ2_X_0.4       2.000   1.472   0.40    1.472   2.000   10.000
MJ2.5X_0.45     2.500   1.908   0.45    1.908   2.500   10.000
MJ3_X_0.5       3.000   2.345   0.50    2.345   3.000   10.000
MJ3.5_X_0.6     3.500   2.718   0.35    2.718   3.500   10.000
MJ4_X_0.7       4.000   3.093   0.70    3.093   4.000   10.000
MJ5_X_0.8       5.000   3.968   0.80    3.968   5.000   10.000
MJ6_X_1.0       6.000   4.713   1.00    4.713   6.000   10.000
MJ7_X_1.0       6.000   5.713   1.00    5.713   6.000   10.000
MJ8_X_1.0       8.000   6.713   1.25    6.713   8.000   10.000
MJ8_X_1.25      8.000   6.406   1.25    6.406   8.000   10.000
MJ10_X_1.25     10.000  8.406   1.25    8.406   10.000  10.000
MJ10_X_1.5      10.000  8.092   1.50    8.092   10.000  10.000
MJ12_X_1.25     12.000  10.396  1.25    10.396  12.000  10.000
MJ12_X_1.5      12.000  10.087  1.25    10.087  12.000  10.000
MJ14_X_1.5      14.000  12.087  1.50    12.087  14.000  10.000
MJ16_X_1.5      16.000  14.087  1.50    14.087  16.000  10.000
MJ18_X_1.5      18.000  16.087  1.50    16.087  18.000  10.000
MJ20_X_1.5      20.000  18.087  1.50    18.087  20.000  10.000
MJ22_X_1.5      22.000  20.087  1.50    20.087  22.000  10.000
MJ24_X_2.0      24.000  21.464  2.00    21.464  24.000  10.000
MJ27_X_2.0      27.000  24.464  2.00    24.464  27.000  10.000
MJ30_X_2.0      30.000  27.464  2.00    27.464  30.000  10.000
MJ33_X_2.0      33.000  30.464  2.00    30.464  33.000  10.000
MJ36_X_2.0      36.000  33.464  2.00    33.464  36.000  10.000
MJ39_X_2.0      39.000  36.464  2.00    36.464  39.000  10.000

# GJB 3.3-85 Size and Tolerance of MJ/Pipelines Thread

GJB3.3,0

# Data from GJB 3.3-85 Series "Size and Tolerance of MJ/Pipelines Thread"
# ----------------------------------------------------------------------------
#   Name         Major       Minor    Pitch    Tap Drill    Shaft     Depth
#                 Dia.        Dia.               Dia.        Dia.
#              (internal   (external           (=Minor     (Major
#               threads)    threads)            Dia.)       Dia.)
#                 (mm)        (mm)     (mm)      (mm)       (mm)       (mm)
# ----------------------------------------------------------------------------
                                        
MJ8_X_1.0       8.000   6.713   1.25    6.713   8.000   10.000
MJ10_X_1.0      10.000  8.713   1.50    8.092   10.000  10.000
MJ12_X_1.25     12.000  10.396  1.25    10.396  12.000  10.000
MJ14_X_1.5      14.000  12.087  1.50    12.087  14.000  10.000
MJ16_X_1.5      16.000  14.087  1.50    14.087  16.000  10.000
MJ18_X_1.5      18.000  16.087  1.50    16.087  18.000  10.000
MJ20_X_1.5      20.000  18.087  1.50    18.087  20.000  10.000
MJ22_X_1.5      22.000  20.087  1.50    20.087  22.000  10.000
MJ24_X_1.5      24.000  22.082  1.50    22.082  24.000  10.000
MJ27_X_1.5      27.000  25.082  1.50    25.082  27.000  10.000
MJ30_X_1.5      30.000  28.082  1.50    28.082  30.000  10.000
MJ33_X_1.5      33.000  31.082  1.50    31.082  33.000  10.000
MJ36_X_1.5      36.000  34.082  1.50    34.082  36.000  10.000
MJ39_X_1.5      39.000  37.082  1.50    37.082  39.000  10.000
MJ42_X_2.0      42.000  39.463  2.00    39.463  42.000  10.000
MJ48_X_2.0      48.000  45.457  2.00    45.457  48.000  10.000
MJ50_X_2.0      50.000  47.457  2.00    47.457  50.000  10.000

# GB 5796-86 "Trapezoidal Thread"

GB5796,0

# Data from GB 5796-86 "Trapezoidal Thread"
# ----------------------------------------------------------------------------
#   Name         Major       Minor    Pitch    Tap Drill    Shaft     Depth
#                 Dia.        Dia.               Dia.        Dia.
#              (internal   (external
#               threads)    threads)
#                 (mm)        (mm)     (mm)      (mm)       (mm)       (mm)
# ----------------------------------------------------------------------------

M10_X_2          10.500      7.500    2.00      7.1500     10.000     20.000
M12_X_3          12.500      8.500    3.00      9.1500     12.000     24.000
M14_X_3          14.500      9.500    4.00     10.2000     14.000     28.000
M16_X_4          16.500     11.500    4.00     12.2000     16.000     32.000
M18_X_4          18.500     13.500    4.00     14.2000     18.000     36.000
M20_X_4          20.500     15.500    4.00     16.2000     20.000     40.000
M22_X_5          22.500     16.000    5.00     17.2500     22.000     44.000
M24_X_5          24.500     18.500    5.00     19.2500     24.000     48.000
M26_X_5          26.500     20.500    5.00     21.2500     26.000     52.000
M28_X_5          28.500     22.500    5.00     23.2500     28.000     56.000
M30_X_6          30.500     23.500    6.00     24.3000     30.000     60.000
M32_X_6          32.500     25.500    6.00     26.3000     32.000     64.000
M36_X_6          36.500     39.500    6.00     30.3000     36.000     72.000
M40_X_7          40.500     32.500    7.00     33.3500     40.000     80.000
M44_X_7          44.500     36.500    7.00     37.3500     44.000     88.000
M48_X_8          48.500     39.500    8.00     40.4000     48.000     96.000
M50_X_8          50.500     41.500    8.00     42.4000     50.000    100.000
M52_X_8          52.500     43.500    8.00     44.4000     52.000    104.000
M55_X_9          55.500     45.500    9.00     46.4500     55.000    110.000
M60_X_9          60.500     50.500    9.00     51.4500     60.000    120.000
M65_X_10         65.500     54.500   10.00     55.5000     65.000    130.000
M70_X_10         70.500     59.500   10.00     60.5000     70.000    140.000
M75_X_10         75.500     64.500   10.00     65.5000     75.000    150.000
M80_X_10         80.500     69.500   10.00     70.5000     80.000    160.000
M85_X_12         85.500     72.500   12.00     73.6000     85.000    170.000
M90_X_12         90.500     77.500   12.00     78.6000     90.000    180.000
M95_X_12         95.500     82.500   12.00     83.6000     95.000    190.000
M100_X_12       100.500     87.500   12.00     88.6000    100.000    200.000
M110_X_12       110.500     97.500   12.00     98.6000    110.000    220.000
M120_X_14       121.000    105.000   14.00    106.7000    120.000    240.000
M130_X_14       131.000    115.000   14.00    116.7000    130.000    260.000
M140_X_14       141.000    125.000   14.00    126.7000    140.000    280.000
M150_X_16       151.000    133.000   16.00    134.8000    150.000    300.000
M160_X_16       161.000    143.000   16.00    144.8000    160.000    320.000
M170_X_16       171.000    153.000   16.00    154.8000    170.000    340.000
M180_X_18       181.000    161.000   18.00    162.9000    180.000    360.000
M190_X_18       191.000    171.000   18.00    172.9000    190.000    380.000
M200_X_18       201.000    181.000   18.00    182.9000    200.000    400.000
M210_X_20       211.000    189.000   20.00    191.0000    210.000    420.000
M220_X_20       221.000    199.000   20.00    201.0000    220.000    440.000
M230_X_20       231.000    209.000   20.00    211.0000    230.000    460.000
M240_X_22       241.000    217.000   22.00    219.1000    240.000    480.000
M250_X_22       251.000    227.000   22.00    229.1000    250.000    500.000
M260_X_22       261.000    237.000   22.00    239.1000    260.000    520.000
M270_X_24       271.000    245.000   24.00    247.2000    270.000    540.000
M280_X_24       281.000    255.000   24.00    257.2000    280.000    560.000
M290_X_24       291.000    265.000   24.00    267.2000    290.000    580.000
M300_X_24       301.000    273.000   26.00    275.3000    300.000    600.000

#Interference Screw
HB243,0

# Data from HB 243-70 "Interference Screw"
# ----------------------------------------------------------------------------
#   Name         Major       Minor    Pitch    Tap Drill    Shaft     Depth
#                 Dia.        Dia.               Dia.        Dia.
#              (internal   (external
#               threads)    threads)
#                 (mm)        (mm)     (mm)      (mm)       (mm)       (mm)
# ----------------------------------------------------------------------------

AG3_X_0.5       3.000   2.459   0.50    2.459   3.000   10.000
AG4_X_0.7       4.000   3.242   0.70    3.242   4.000   10.000
AG5_X_0.8       5.000   4.134   0.80    4.134   5.000   10.000
AG6_X_1.0       6.000   4.917   1.00    4.917   6.000   10.000
AG7_X_1.0       7.000   5.917   1.00    5.917   6.000   10.000
AG8_X_1.25      8.000   6.647   1.25    6.647   8.000   10.000
AG10_X_1.5      10.000  8.376   1.50    8.376   10.000  10.000
AG12_X_1.5      12.000  10.376  1.50    10.376  12.000  10.000
AG14_X_1.5      14.000  12.376  1.50    12.376  14.000  10.000
AG16_X_1.5      16.000  14.376  1.50    14.376  16.000  10.000
AG18_X_1.5      18.000  16.376  1.50    16.376  18.000  10.000
AG20_X_1.5      20.000  18.376  1.50    18.376  20.000  10.000
AG22_X_1.5      22.000  20.376  1.50    20.376  22.000  10.000
AG24_X_1.5      24.000  22.376  1.50    22.376  24.000  10.000
AG27_X_1.5      27.000  25.376  1.50    25.376  27.000  10.000
AG39_X_1.5      39.000  37.376  1.50    37.376  39.000  10.000
AG42_X_1.5      42.000  40.376  1.50    40.376  42.000  10.000
AG45_X_1.5      45.000  43.376  1.50    43.376  45.000  10.000
AG48_X_1.5      48.000  46.376  1.50    46.376  48.000  10.000
AG52_X_1.5      52.000  50.376  1.50    50.376  52.000  10.000
AG56_X_1.5      56.000  54.376  1.50    54.376  56.000  10.000
AG60_X_1.5      60.000  58.376  1.50    58.376  60.000  10.000
BG3_X_0.5       3.000   2.459   0.50    2.459   3.000   10.000
BG4_X_0.7       4.000   3.242   0.70    3.242   4.000   10.000
BG5_X_0.8       5.000   4.134   0.80    4.134   5.000   10.000
BG6_X_1.0       6.000   4.917   1.00    4.917   6.000   10.000
BG7_X_1.0       7.000   5.917   1.00    5.917   6.000   10.000
BG8_X_1.25      8.000   6.647   1.25    6.647   8.000   10.000
BG10_X_1.5      10.000  8.376   1.50    8.376   10.000  10.000
BG12_X_1.5      12.000  10.376  1.50    10.376  12.000  10.000
BG14_X_1.5      14.000  12.376  1.50    12.376  14.000  10.000
BG16_X_1.5      16.000  14.376  1.50    14.376  16.000  10.000
BG18_X_1.5      18.000  16.376  1.50    16.376  18.000  10.000
BG20_X_1.5      20.000  18.376  1.50    18.376  20.000  10.000
BG22_X_1.5      22.000  20.376  1.50    20.376  22.000  10.000
BG24_X_1.5      24.000  22.376  1.50    22.376  24.000  10.000
BG27_X_1.5      27.000  25.376  1.50    25.376  27.000  10.000
BG39_X_1.5      39.000  37.376  1.50    37.376  39.000  10.000
BG42_X_1.5      42.000  40.376  1.50    40.376  42.000  10.000
BG45_X_1.5      45.000  43.376  1.50    43.376  45.000  10.000
BG48_X_1.5      48.000  46.376  1.50    46.376  48.000  10.000
BG52_X_1.5      52.000  50.376  1.50    50.376  52.000  10.000
BG56_X_1.5      56.000  54.376  1.50    54.376  56.000  10.000
BG60_X_1.5      60.000  58.376  1.50    58.376  60.000  10.000
CG3_X_0.5       3.000   2.459   0.50    2.459   3.000   10.000
CG4_X_0.7       4.000   3.242   0.70    3.242   4.000   10.000
CG5_X_0.8       5.000   4.134   0.80    4.134   5.000   10.000
CG6_X_1.0       6.000   4.917   1.00    4.917   6.000   10.000
CG7_X_1.0       7.000   5.917   1.00    5.917   6.000   10.000
CG8_X_1.25      8.000   6.647   1.25    6.647   8.000   10.000
CG10_X_1.5      10.000  8.376   1.50    8.376   10.000  10.000
CG12_X_1.5      12.000  10.376  1.50    10.376  12.000  10.000
CG14_X_1.5      14.000  12.376  1.50    12.376  14.000  10.000
CG16_X_1.5      16.000  14.376  1.50    14.376  16.000  10.000
CG18_X_1.5      18.000  16.376  1.50    16.376  18.000  10.000
CG20_X_1.5      20.000  18.376  1.50    18.376  20.000  10.000
CG22_X_1.5      22.000  20.376  1.50    20.376  22.000  10.000
CG24_X_1.5      24.000  22.376  1.50    22.376  24.000  10.000
CG27_X_1.5      27.000  25.376  1.50    25.376  27.000  10.000
CG39_X_1.5      39.000  37.376  1.50    37.376  39.000  10.000
CG42_X_1.5      42.000  40.376  1.50    40.376  42.000  10.000
CG45_X_1.5      45.000  43.376  1.50    43.376  45.000  10.000
CG48_X_1.5      48.000  46.376  1.50    46.376  48.000  10.000
CG52_X_1.5      52.000  50.376  1.50    50.376  52.000  10.000
CG56_X_1.5      56.000  54.376  1.50    54.376  56.000  10.000
CG60_X_1.5      60.000  58.376  1.50    58.376  60.000  10.000

#Metric Tapered Thread
GB1415,0

# Data from GB 1415-78 "Metric Tapered Thread"
# ----------------------------------------------------------------------------
#   Name         Major       Minor    Pitch    Tap Drill    Shaft     Depth
#                 Dia.        Dia.               Dia.        Dia.
#              (internal   (external           (75% full
#               threads)    threads)            thread)
#                 (mm)        (mm)     (mm)      (mm)       (mm)       (mm)
# ----------------------------------------------------------------------------

ZM6     6.000   4.700   1.00    4.700   6.000   10.000
ZM8     8.000   6.700   1.00    6.700   8.000   10.000
ZM10    10.000  8.700   1.00    8.700   10.000  10.000
ZM14    14.000  12.052  1.50    12.052  14.000  10.000
ZM18    18.000  16.052  1.50    16.052  18.000  10.000
ZM22    22.000  20.052  1.50    20.052  22.000  10.000
ZM27    27.000  24.402  2.00    24.402  27.000  10.000
ZM33    33.000  30.402  2.00    30.402  33.000  10.000
ZM42    42.000  39.402  2.00    39.402  42.000  10.000
ZM48    48.000  45.402  2.00    45.402  48.000  10.000
ZM60    60.000  57.402  2.00    57.402  60.000  10.000
ZM76    76.000  73.402  2.00    73.402  76.000  10.000
ZM90    90.000  86.104  2.00    86.104  90.000  10.000


#Taper Thread
HB247,0

# Data from HB 247-72 "Taper Thread"
# ----------------------------------------------------------------------------
#   Name         Major       Minor    Pitch    Tap Drill    Shaft     Depth
#                 Dia.        Dia.               Dia.        Dia.
#              (internal   (external           (75% full
#               threads)    threads)            thread)
#                 (mm)        (mm)     (mm)      (mm)       (mm)       (mm)
# ----------------------------------------------------------------------------

1/16"   7.905   6.389   0.941   6.389   7.905   10.000
1/8"    10.272  8.766   0.941   8.766   10.272  10.000
1/4"    13.572  11.314  1.411   11.314  13.572  10.000
3/8"    17.055  14.797  1.411   14.797  17.055  10.000
1/2"    21.223  18.321  1.814   18.321  21.223  10.000
3/8"    26.568  23.666  1.814   23.666  26.568  10.000
1"      33.228  29.694  2.209   29.694  33.228  10.000
1_1/4"  41.985  23.666  2.209   23.666  41.985  10.000
1_1/2"  48.054  46.287  2.209   46.287  48.054  10.000
2"      60.092  56.558  2.209   56.558  60.092  10.000

#Internal Thread of Installation of Steel Spiral
GJB119.3,0

# Data from GJB 119.3-86 "Internal Thread of Installation of Steel Spiral"
# ----------------------------------------------------------------------------
#   Name         Major       Minor    Pitch    Tap Drill    Shaft     Depth
#                 Dia.        Dia.               Dia.        Dia.
#              (internal   (external           (75% full
#               threads)    threads)            thread)
#                 (mm)        (mm)     (mm)      (mm)       (mm)       (mm)
# ----------------------------------------------------------------------------

ST2x0.4 2.52    2.09    0.400   2.09    2.52    10.000
ST2.5x0.45      3.08    2.60    0.450   2.60    3.08    10.000
ST3x0.5 3.65    3.11    0.500   3.11    3.65    10.000
ST4x0.7 4.91    4.15    0.700   4.15    4.91    10.000
ST5x0.8 6.04    5.17    0.800   5.17    6.04    10.000
ST6x1.0 7.30    6.22    1.000   6.22    7.30    10.000
ST7x1.0 8.30    7.22    1.000   7.22    8.30    10.000
ST8x1.0 9.30    8.22    1.000   8.22    9.30    10.000
ST8x1.25        9.62    8.27    1.250   8.27    9.62    10.000
ST10x1.0        11.30   10.22   1.000   10.22   11.30   10.000
ST10x1.5        11.95   10.32   1.500   10.32   11.95   10.000
ST12x1.5        13.95   12.32   1.500   12.32   13.95   10.000
ST14x1.5        15.95   14.32   1.500   14.32   15.95   10.000
ST16x1.5        17.95   16.32   1.500   16.32   17.95   10.000
ST18x1.5        19.95   18.32   1.500   18.32   19.95   10.000
ST20x1.5        21.95   20.32   1.500   20.32   21.95   10.000
ST22x1.5        23.95   22.32   1.500   22.32   23.95   10.000
ST24x1.5        25.95   24.32   1.500   24.32   25.95   10.000
ST27x1.5        28.95   27.32   1.500   27.32   28.95   10.000
ST27x2.0        29.60   27.43   2.000   27.43   29.60   10.000
ST30x1.5        31.95   30.32   1.500   30.32   31.95   10.000
ST33x1.5        34.95   33.32   1.500   33.32   34.95   10.000
ST33x2.0        35.60   33.43   2.000   33.43   35.60   10.000

#Internal Thread of Installation of Steel Spiral for Z-9
Q_9D176.3,0

# Data from Q/9D 176.3-92 "Technology condition of Screw Socked for Z-9"
# ----------------------------------------------------------------------------
#   Name         Major       Minor    Pitch    Tap Drill    Shaft     Depth
#                 Dia.        Dia.               Dia.        Dia.
#              (internal   (external           (75% full
#               threads)    threads)            thread)
#                 (mm)        (mm)     (mm)      (mm)       (mm)       (mm)
# ----------------------------------------------------------------------------

DS3.65          3.65    3.11    0.500   3.20    3.65    10.000
DS4.91          4.91    4.15    0.700   4.20    3.65    10.000
DS6.04          6.04    5.17    0.800   5.20    6.04    10.000
DS7.30          7.30    6.22    1.000   6.30    7.30    10.000
DS8.30          8.30    7.22    1.000   7.30    8.30    10.000
DS9.30          9.30    8.22    1.000   8.30    9.30    10.000
